# (77, 8)
1.934884071350097656e+00 1.307044744491577148e+00 -1.339777946472167969e+00 -1.869364976882934570e-01 1.156704902648925781e+00 6.598796248435974121e-01 4.779496788978576660e-01 -1.453688442707061768e-01
1.704891443252563477e+00 1.214659690856933594e+00 -7.196313738822937012e-01 -7.960000038146972656e-01 6.265506148338317871e-01 4.005684554576873779e-01 4.250481426715850830e-01 -2.544835209846496582e-03
1.448211431503295898e+00 1.312094092369079590e+00 -2.638960480690002441e-01 -9.161705970764160156e-01 1.813146620988845825e-01 -6.116583198308944702e-02 -1.503263860940933228e-01 2.862768247723579407e-02
1.375938296318054199e+00 1.378983139991760254e+00 -1.313927620649337769e-01 -5.096932053565979004e-01 4.107710421085357666e-01 2.150410562753677368e-01 -3.637061119079589844e-01 -1.222400888800621033e-01
1.848254799842834473e+00 1.190717697143554688e+00 -1.285212039947509766e+00 -2.028737515211105347e-01 1.277976632118225098e+00 5.805992484092712402e-01 3.666117787361145020e-01 -2.862996757030487061e-01
1.903048038482666016e+00 1.327248215675354004e+00 -1.399571061134338379e+00 -3.862099945545196533e-01 1.212820053100585938e+00 4.863196909427642822e-01 5.628444552421569824e-01 -1.426859796047210693e-01
1.989067912101745605e+00 1.341396808624267578e+00 -1.240354180335998535e+00 -3.755671679973602295e-01 9.031589031219482422e-01 6.583488583564758301e-01 4.054699540138244629e-01 -7.313666865229606628e-03
1.925363063812255859e+00 1.294894456863403320e+00 -1.242911934852600098e+00 -3.089551925659179688e-01 1.132540345191955566e+00 5.580248832702636719e-01 5.110642910003662109e-01 -1.082563027739524841e-01
1.855679154396057129e+00 1.283878445625305176e+00 -1.343624472618103027e+00 -2.794080972671508789e-01 1.032124519348144531e+00 6.273011565208435059e-01 3.966335952281951904e-01 -1.063466668128967285e-01
1.853797316551208496e+00 1.256637573242187500e+00 -1.403698801994323730e+00 -2.539903819561004639e-01 1.046613931655883789e+00 7.245473265647888184e-01 3.757719397544860840e-01 -1.155183464288711548e-01
4.500811398029327393e-01 4.019934833049774170e-01 3.926267623901367188e-01 -3.375178873538970947e-01 2.033995836973190308e-01 4.159710928797721863e-02 3.378259837627410889e-01 4.735338389873504639e-01
9.240682125091552734e-01 5.590935349464416504e-01 1.393404126167297363e+00 -1.468323916196823120e-01 4.534154534339904785e-01 -1.044022366404533386e-01 5.773928482085466385e-03 2.616887912154197693e-02
5.780189633369445801e-01 2.620631456375122070e-01 7.298699617385864258e-01 8.615158498287200928e-02 1.249139547348022461e+00 -8.034798502922058105e-01 -1.807677187025547028e-02 3.229414224624633789e-01
9.349616169929504395e-01 5.958715081214904785e-01 1.374955058097839355e+00 -3.994126021862030029e-01 4.225061833858489990e-01 -6.553712487220764160e-02 8.124137669801712036e-02 4.714369028806686401e-02
8.297398090362548828e-01 5.965751409530639648e-01 1.380115270614624023e+00 -2.803949117660522461e-01 4.066444635391235352e-01 -1.213131099939346313e-01 -8.004739880561828613e-02 9.750591963529586792e-02
9.370572566986083984e-01 5.026870369911193848e-01 1.443347454071044922e+00 -2.456173896789550781e-01 6.862176656723022461e-01 -1.268635392189025879e-01 1.108198091387748718e-01 -1.669431626796722412e-01
6.074886769056320190e-02 3.745890855789184570e-01 2.613091841340065002e-02 9.371674060821533203e-01 5.123550295829772949e-01 -5.216979980468750000e-01 3.960998058319091797e-01 8.820951581001281738e-01
-5.742099881172180176e-01 1.495570302009582520e+00 3.891927301883697510e-01 4.260846674442291260e-01 9.856355190277099609e-02 1.535533219575881958e-01 2.848696708679199219e-01 -1.348155736923217773e-01
-7.287402749061584473e-01 1.111335635185241699e+00 3.319115638732910156e-01 2.076500356197357178e-01 2.896085381507873535e-01 3.573300838470458984e-01 -2.462054137140512466e-03 1.733240932226181030e-01
-5.750991106033325195e-01 7.287898659706115723e-01 6.809832453727722168e-01 -2.021735310554504395e-01 9.853224158287048340e-01 -1.776830404996871948e-01 5.796185135841369629e-01 -5.895160436630249023e-01
-1.749587655067443848e-01 7.224047183990478516e-01 1.054782629013061523e+00 2.595591545104980469e-01 1.712013930082321167e-01 7.316465675830841064e-02 7.398220151662826538e-02 3.832385838031768799e-01
3.011986613273620605e-01 1.416427254676818848e+00 1.624272465705871582e+00 1.001195907592773438e-01 -5.243084579706192017e-02 7.761232852935791016e-01 2.353333711624145508e+00 -1.832368373870849609e-01
1.316477537155151367e+00 -2.993516921997070312e-01 1.205255866050720215e+00 1.278862655162811279e-01 3.462730944156646729e-01 -5.389455556869506836e-01 6.289861202239990234e-01 1.025548100471496582e+00
3.663406372070312500e-01 6.925265789031982422e-01 9.338281750679016113e-01 9.473094344139099121e-01 9.396322369575500488e-01 -4.931829273700714111e-01 1.502028554677963257e-01 9.997346997261047363e-01
9.232330918312072754e-01 5.849466919898986816e-01 1.443695783615112305e+00 -3.300189375877380371e-01 5.464937090873718262e-01 -1.434811204671859741e-01 1.786158680915832520e-01 -1.305158138275146484e-01
2.823413014411926270e-01 9.134925007820129395e-01 1.658620238304138184e+00 -3.408376872539520264e-01 -1.874994114041328430e-02 -2.968337833881378174e-01 1.334806680679321289e-01 6.018187999725341797e-01
1.826600551605224609e+00 -6.658843159675598145e-01 1.359657049179077148e+00 6.627581119537353516e-01 3.183831870555877686e-01 -3.197502791881561279e-01 9.353694319725036621e-01 9.240617156028747559e-01
1.579558968544006348e+00 -6.963384151458740234e-01 1.598722219467163086e+00 6.304414868354797363e-01 3.194673731923103333e-02 -1.265626400709152222e-01 1.167215466499328613e+00 9.589538574218750000e-01
1.580862641334533691e+00 -5.756375789642333984e-01 1.203091382980346680e+00 6.632620096206665039e-01 2.155004590749740601e-01 -1.988660246133804321e-01 1.186106324195861816e+00 7.823429703712463379e-01
1.616175651550292969e+00 -4.902820289134979248e-01 1.330606460571289062e+00 5.489620566368103027e-01 -9.725261479616165161e-03 -3.219293951988220215e-01 1.102883696556091309e+00 9.804415106773376465e-01
1.563978910446166992e+00 -5.919734239578247070e-01 1.275272607803344727e+00 9.253898262977600098e-01 -8.040162175893783569e-02 -3.324598073959350586e-01 1.239460349082946777e+00 9.464653730392456055e-01
1.522592902183532715e-01 7.142050862312316895e-01 1.076621651649475098e+00 -6.748545765876770020e-01 4.611461162567138672e-01 -3.455890715122222900e-01 3.314949274063110352e-01 -3.889653831720352173e-02
4.075261354446411133e-01 1.056664228439331055e+00 1.495618462562561035e+00 -1.089948564767837524e-01 -5.983717367053031921e-02 2.977763116359710693e-01 1.812588214874267578e+00 -1.420363783836364746e-01
-2.115880846977233887e-01 -1.053875684738159180e-01 4.051461815834045410e-01 -5.307164788246154785e-02 3.687683641910552979e-01 8.885425329208374023e-01 -8.454296588897705078e-01 6.350378394126892090e-01
-5.495987534523010254e-01 2.299216389656066895e-01 6.252160668373107910e-02 -8.488994836807250977e-01 1.407113552093505859e+00 2.705896794795989990e-01 7.850242257118225098e-01 -1.113792657852172852e+00
-6.430348753929138184e-01 7.321697473526000977e-02 5.084733366966247559e-01 -1.623224914073944092e-01 2.056270360946655273e+00 5.064138174057006836e-01 6.393362283706665039e-01 -7.651631832122802734e-01
-4.559511244297027588e-01 -9.508970379829406738e-02 -2.421317696571350098e-01 2.439280748367309570e-01 7.089645862579345703e-01 6.687040328979492188e-01 3.448203802108764648e-01 -5.587354302406311035e-01
1.014788523316383362e-01 -3.391250669956207275e-01 2.572316229343414307e-01 2.481433749198913574e-02 -7.024890929460525513e-02 9.931483864784240723e-01 -2.324074953794479370e-01 2.527048289775848389e-01
1.561955958604812622e-01 -3.445580005645751953e-01 -1.245729178190231323e-01 2.720668613910675049e-01 5.856689810752868652e-02 1.249953389167785645e+00 -3.487739264965057373e-01 4.192796349525451660e-02
-3.448513746261596680e-01 1.535618901252746582e+00 7.901604771614074707e-01 -1.114200353622436523e-01 -3.241164982318878174e-01 5.386005640029907227e-01 -4.389259219169616699e-01 9.080488085746765137e-01
-3.618001639842987061e-01 1.501966476440429688e+00 7.261683940887451172e-01 3.325607255101203918e-02 -2.091124653816223145e-01 3.984900116920471191e-01 -4.875394105911254883e-01 7.938318252563476562e-01
-2.436652183532714844e-01 1.311467647552490234e+00 5.034668445587158203e-01 -3.975764289498329163e-02 -3.641557097434997559e-01 2.362888455390930176e-01 -3.812210857868194580e-01 8.377397656440734863e-01
-4.233891069889068604e-01 1.417547464370727539e+00 6.018089056015014648e-01 9.561482816934585571e-02 -4.978307187557220459e-01 5.103831887245178223e-01 -2.162223160266876221e-01 8.450483679771423340e-01
1.748332381248474121e-01 6.928927898406982422e-01 1.029856801033020020e+00 -7.019849419593811035e-01 4.905935525894165039e-01 -2.347332090139389038e-01 2.145977169275283813e-01 -1.111827045679092407e-01
-7.960080504417419434e-01 1.137405782938003540e-01 -4.389949440956115723e-01 1.512017101049423218e-01 9.325929284095764160e-01 -1.305667161941528320e+00 6.931138634681701660e-01 1.615371584892272949e+00
-9.880054593086242676e-01 1.678065508604049683e-01 -3.353067338466644287e-01 -4.655427485704421997e-02 5.482504367828369141e-01 -7.924876213073730469e-01 6.178255677223205566e-01 2.555553317070007324e-01
-8.163733482360839844e-01 2.324585020542144775e-01 -4.600270688533782959e-01 6.754496097564697266e-01 6.603864431381225586e-01 -1.165237784385681152e+00 7.208274602890014648e-01 1.494091391563415527e+00
-9.437913298606872559e-01 1.168111115694046021e-01 -2.721185982227325439e-01 5.121439099311828613e-01 6.020765900611877441e-01 -1.153723359107971191e+00 5.616810321807861328e-01 1.564606428146362305e+00
-1.116794824600219727e+00 4.212450981140136719e-02 -3.833086192607879639e-01 8.605179786682128906e-01 7.378467321395874023e-01 -1.117532253265380859e+00 5.474754571914672852e-01 1.286553144454956055e+00
-9.055147171020507812e-01 2.368027567863464355e-01 -2.160065770149230957e-01 5.305067300796508789e-01 7.582474946975708008e-01 -1.244358897209167480e+00 8.125116825103759766e-01 1.420499682426452637e+00
-7.592636346817016602e-01 -3.591403365135192871e-03 -3.479768633842468262e-01 6.597466468811035156e-01 7.401548624038696289e-01 -1.339847326278686523e+00 8.497853875160217285e-01 1.373065233230590820e+00
7.892947196960449219e-01 1.118490815162658691e+00 5.965328812599182129e-01 1.945270657539367676e+00 1.528609514236450195e+00 -1.111018061637878418e+00 1.359961330890655518e-01 1.558539867401123047e+00
-9.757740497589111328e-01 1.371065974235534668e+00 -3.815293312072753906e-03 1.126293167471885681e-01 -1.198631152510643005e-01 6.067974567413330078e-01 -2.925563454627990723e-01 1.776831299066543579e-01
-1.006106138229370117e+00 2.336885929107666016e+00 -1.977001130580902100e-01 6.810189485549926758e-01 2.650757133960723877e-02 6.257441043853759766e-01 -4.061351418495178223e-01 -9.528093039989471436e-02
-1.191314220428466797e+00 1.734749078750610352e+00 5.385330915451049805e-01 -9.203452467918395996e-01 3.449632823467254639e-01 2.896543145179748535e-01 1.037750124931335449e+00 -1.047603487968444824e+00
-1.097489595413208008e+00 7.787753343582153320e-01 -4.189984202384948730e-01 1.341419816017150879e+00 1.248959183692932129e+00 8.737228512763977051e-01 1.169940352439880371e+00 -6.039828062057495117e-01
-6.152772307395935059e-01 2.165232896804809570e+00 -1.527191549539566040e-01 1.065636754035949707e+00 2.161635607481002808e-01 4.086991548538208008e-01 3.471753597259521484e-01 3.732768595218658447e-01
-6.949260234832763672e-01 1.451448917388916016e+00 6.143777370452880859e-01 2.544881701469421387e-01 -5.341165661811828613e-01 8.234924077987670898e-01 -4.989843070507049561e-01 1.015331506729125977e+00
-1.027218699455261230e+00 -5.666055530309677124e-02 2.760664522647857666e-01 -1.075118422508239746e+00 1.583382368087768555e+00 2.843355238437652588e-01 7.168612480163574219e-01 -9.515423774719238281e-01
5.893577262759208679e-02 8.390129804611206055e-01 1.595598697662353516e+00 7.502685487270355225e-02 4.381142258644104004e-01 8.868162035942077637e-01 3.229671955108642578e+00 1.008733510971069336e-01
-1.373542785644531250e+00 4.685814082622528076e-01 5.017225146293640137e-01 8.195522427558898926e-01 2.850841522216796875e+00 5.900923013687133789e-01 9.862233400344848633e-01 -4.011435508728027344e-01
-5.856542587280273438e-01 -2.503097355365753174e-01 -5.357238650321960449e-01 6.770042181015014648e-01 -2.017595991492271423e-02 1.475827455520629883e+00 6.170033663511276245e-02 -2.186442017555236816e-01
-2.130778878927230835e-02 -3.461329936981201172e-01 -3.364977836608886719e-01 4.602228999137878418e-01 -9.345210343599319458e-02 1.456707119941711426e+00 -1.903209090232849121e-01 1.809904873371124268e-01
-3.168020546436309814e-01 -4.483841955661773682e-01 4.421307891607284546e-02 -1.166633486747741699e+00 8.933103084564208984e-01 2.099888324737548828e+00 2.124798484146595001e-02 2.142440319061279297e+00
-8.555673360824584961e-01 -5.080268383026123047e-01 3.888423554599285126e-03 -1.033980488777160645e+00 1.696709513664245605e+00 2.769934177398681641e+00 1.007812500000000000e+00 2.750928163528442383e+00
-1.198995634913444519e-01 -4.819055497646331787e-01 -2.802854180335998535e-01 2.966089248657226562e-01 -3.433434665203094482e-02 1.564768314361572266e+00 -1.709472239017486572e-01 3.689309954643249512e-02
5.013486742973327637e-02 -8.447861671447753906e-01 1.805822700262069702e-01 2.889697626233100891e-02 9.789818525314331055e-02 1.834688186645507812e+00 -7.183046340942382812e-01 3.100633025169372559e-01
-1.396201401948928833e-01 -5.946068167686462402e-01 -1.172018051147460938e-01 2.494281381368637085e-01 9.622187912464141846e-02 1.620825290679931641e+00 -1.394357532262802124e-01 -8.575478196144104004e-02
-1.397852301597595215e-01 -6.071527600288391113e-01 -4.932125806808471680e-01 4.091450572013854980e-01 2.638068050146102905e-02 1.557287693023681641e+00 -1.428007781505584717e-01 1.060050725936889648e-01
-1.715054810047149658e-01 -6.013582944869995117e-01 -3.117992579936981201e-01 4.844254851341247559e-01 1.305307745933532715e-01 1.559076189994812012e+00 -4.192662239074707031e-01 -4.495446383953094482e-02
2.145460546016693115e-01 -6.346217393875122070e-01 -4.817697405815124512e-02 4.872342050075531006e-01 -2.035085856914520264e-01 1.762129902839660645e+00 -7.896228432655334473e-01 5.194789767265319824e-01
-1.199288249015808105e+00 -4.675842523574829102e-01 1.911964774131774902e+00 2.423593103885650635e-01 1.200768709182739258e+00 1.699992179870605469e+00 -1.118023395538330078e+00 1.051177263259887695e+00
-1.234860897064208984e+00 -8.718726038932800293e-02 1.876803636550903320e+00 4.808846414089202881e-01 1.173888444900512695e+00 1.758860349655151367e+00 -1.361690878868103027e+00 5.791919231414794922e-01
2.730597257614135742e-01 -8.941026926040649414e-01 2.271901220083236694e-01 2.109903097152709961e-01 -2.261640504002571106e-03 1.947934746742248535e+00 -7.334234118461608887e-01 6.734305024147033691e-01
-1.124639987945556641e+00 -3.192856907844543457e-01 -2.025524079799652100e-01 -1.242207765579223633e+00 9.029484987258911133e-01 6.869749426841735840e-01 1.396808385848999023e+00 -1.013204216957092285e+00
-6.077949404716491699e-01 -6.469983458518981934e-01 1.063374042510986328e+00 -2.695602476596832275e-01 2.895442485809326172e+00 1.888508200645446777e-01 8.233952522277832031e-01 -9.138761758804321289e-01
-3.861986100673675537e-01 -1.166048422455787659e-01 -6.975839734077453613e-01 4.736689925193786621e-01 -4.004104733467102051e-01 2.388525962829589844e+00 5.957057476043701172e-01 1.281270012259483337e-02
