# (9, 8)
6.634507179260253906e-01 8.410260677337646484e-01 2.086148560047149658e-01 7.144734263420104980e-01 3.816525936126708984e-01 7.759849429130554199e-01 2.963491082191467285e-01 -7.292897999286651611e-02
8.807461261749267578e-01 -1.583728939294815063e-02 -8.045612275600433350e-02 8.495495915412902832e-01 7.218753695487976074e-01 3.044223487377166748e-01 1.676655709743499756e-01 -1.323303207755088806e-02
8.119077682495117188e-01 7.292596101760864258e-01 6.517779827117919922e-02 6.690755486488342285e-01 6.524041891098022461e-01 4.045195281505584717e-01 6.392385959625244141e-01 7.406301498413085938e-01
2.665544450283050537e-01 3.015496730804443359e-01 3.243324458599090576e-01 8.112216740846633911e-02 9.614564180374145508e-01 1.127225682139396667e-01 4.365649819374084473e-01 1.193041056394577026e-01
5.566740036010742188e-01 -4.155913740396499634e-02 7.475959062576293945e-01 1.511512249708175659e-01 9.322249293327331543e-01 7.635271549224853516e-02 4.329329133033752441e-01 5.769677758216857910e-01
7.573609352111816406e-01 8.237531781196594238e-01 6.976267695426940918e-02 1.356816738843917847e-01 3.996301069855690002e-02 6.972376257181167603e-02 2.370561100542545319e-02 6.328861713409423828e-01
7.879012823104858398e-01 9.221635758876800537e-02 6.390840411186218262e-01 6.168116331100463867e-01 7.665092945098876953e-01 3.343460261821746826e-01 2.541789114475250244e-01 3.832377493381500244e-01
5.310689806938171387e-01 7.056798934936523438e-01 -1.060251519083976746e-01 7.113963365554809570e-01 2.141702175140380859e-01 1.186903044581413269e-01 5.439826250076293945e-01 3.639541566371917725e-01
5.783996582031250000e-01 7.226040214300155640e-02 3.973240852355957031e-01 2.286001890897750854e-01 5.961210727691650391e-01 1.743151843547821045e-01 1.765592023730278015e-02 -6.205070018768310547e-02
