# (9, 8)
7.916372633835108141e-01 3.720043371777932428e-01 5.882983538674588786e-01 4.319131707437797729e-01 2.605897699731074546e-03 6.738407318552814829e-01 2.410541687851409653e-01 3.296841687377030095e-01
7.816098609316439738e-01 3.620933176453353664e-01 8.000538013141904603e-01 3.335781347852522227e-01 1.009432020655920414e-02 6.922364383649147745e-01 3.102977600256453528e-01 5.548053489519989556e-01
9.371325850247911315e-01 6.055965695584164532e-01 8.920900281825439038e-01 5.138203789614915751e-01 5.006733781345973355e-03 3.563388562605681598e-01 1.977883916616662852e-02 5.642302894245718736e-01
9.219852433587726326e-01 5.212668542119491821e-02 8.253384306158950690e-01 7.228464318507177300e-01 1.477068538828441024e-02 1.636446790208923030e-02 3.600752307054103651e-01 7.323672117621706779e-01
2.636182827547254304e-01 2.339969658368179495e-01 5.296575345689787939e-01 4.999134088459459280e-01 4.922111960423646293e-01 7.736972051134080042e-01 5.089508814877278242e-01 2.282522830839611716e-01
3.812862450969526362e-01 1.275919369510886137e-01 5.977160611921539246e-01 5.279454975477799739e-01 3.451502207616160556e-01 3.230636924383936126e-01 7.291159108478528772e-01 5.127029811348002841e-01
2.064711552383324822e-02 8.538181337812877914e-02 1.859009237228588240e-01 7.485738312744398826e-01 3.040288494899395788e-01 4.387309184472873991e-01 7.160980357898214521e-01 6.510578048954046571e-01
3.231018213502067082e-01 1.315847139207946270e-01 1.323934127384398529e-01 9.727804851981485257e-01 7.115981720385637921e-01 5.649159658393001493e-01 4.681051109940909116e-01 3.131331946204888306e-01
7.078114149998436799e-01 3.656590247496144253e-01 4.400036157798150604e-01 7.562057562741641981e-03 3.276118139115251626e-01 6.357495827637463792e-01 5.317492210326209001e-01 3.551345740099048909e-01
