5690	3662
2240	2074
7047	6705
3069	1403
5191	6183
8429	6889
8786	7550
4463	4277
1004	2471
7649	6754
3169	1824
8437	6869
8319	8031
2271	1729
8994	7688
6400	6650
2244	1195
8997	9365
5778	4087
4493	3743
1090	207
2977	973
7180	6666
8707	7063
7777	6872
1780	617
7805	8200
2950	1938
5013	4092
4291	5132
1242	2989
9511	9156
595	1141
2334	1328
1170	1143
1913	632
8564	7766
912	2051
8329	6737
8163	9495
2849	778
1609	2832
8410	8296
515	5
1964	640
2929	2811
1700	2971
6298	4922
4768	5544
8531	8691
3709	4911
9009	6733
5962	3389
978	863
9598	7099
392	988
5245	5293
2613	2645
318	2051
9226	9148
1853	3069
4196	4201
708	701
4144	4023
2991	2999
428	1358
8077	7041
2402	2317
2929	2203
4769	6058
9262	7279
3554	5693
7254	8730
5790	6193
4047	5191
5846	4627
6253	4354
6712	7720
3369	4766
2460	1962
2285	806
6462	7296
4168	5410
5344	6248
5073	6092
4476	4332
3955	5468
3488	5947
9207	7950
8703	7608
3390	3529
7694	7258
1092	1230
1103	1270
189	1149
9002	9039
5073	4439
7978	9487
428	2260
8991	8618
8298	8928
6185	4396
1498	465
3886	3958
271	1280
1805	469
758	2884
9052	9270
2511	2224
5272	4356
1078	1581
2602	1728
5103	6183
6363	3269
8248	7437
3020	1242
1249	468
3463	4206
6678	8001
4995	5784
4415	6349
1054	399
9576	6565
6950	7026
7433	8018
7636	8371
3601	5831
8633	6843
1152	1422
3366	4670
2701	2870
4418	3735
2086	3110
8011	7964
1616	1943
1977	2900
447	801
9323	7137
5603	3548
8431	8451
8784	8485
5231	4597
4817	3670
4920	5255
2205	276
4996	4378
2821	642
6619	9383
5885	5893
5745	5264
327	1282
4693	5045
7014	9495
3927	4660
8696	8691
7352	8888
7738	8226
6458	9241
1197	1826
6230	3311
4002	4180
4338	5509
8555	7140
2641	1553
8898	8903
8265	7681
497	2135
5404	4931
6812	8156
5403	4464
1488	437
7873	8615
5055	6365
2710	996
7132	8810
2917	2187
604	2717
7552	6763
1965	1222
6425	6666
2018	1811
2563	3012
3426	4052
7965	8122
7455	9325
7142	6589
6696	7209
106	820
2281	2582
4623	4450
5195	5841
6893	7073
8041	7687
3505	6349
5554	4806
4681	6172
3527	6306
8208	8938
2072	1576
9232	7515
158	629
7902	7529
4391	4862
7846	7633
4312	3842
7024	9550
8185	8655
2545	1512
1326	427
7989	6969
4212	6071
9340	7204
5235	3819
4136	6384
1976	1016
1778	1592
6940	8228
6232	6033
3408	4505
8801	9471
4443	5947
4021	5423
3001	3156
2425	2515
2756	1459
8959	6901
1386	2475
7180	7851
6558	6650
7189	7722
6412	7727
4854	5379
6893	7166
5254	4456
2958	2745
1365	32
5504	4535
7544	6720
560	559
6158	5743
6736	9397
5709	6383
902	977
1487	277
2463	107
3573	6236
8500	6614
8682	7299
2344	2002
92	1729
3457	4923
9561	6761
255	2081
4129	4145
5215	6189
9003	6614
7552	7689
8009	8830
6860	9395
2348	2471
7757	6720
8369	9700
4829	4374
206	2198
8524	7933
3586	5947
2728	1322
7600	8982
8135	7070
2828	1100
2070	2191
4712	5278
4940	5116
3383	3646
2135	1919
7287	8713
8122	7882
347	1826
8687	7441
3065	1185
9412	8223
8659	8555
7861	6573
3552	4151
4865	5491
1985	1589
3177	2
6648	8671
9654	9354
9006	6888
5025	4591
9507	9449
5255	6155
8920	7732
3038	598
165	466
8552	8045
4270	5088
533	3170
4617	5109
8854	7843
4238	6022
1898	1959
5398	4208
4179	3892
8816	8954
7798	7701
4971	5167
6480	9668
491	3076
8178	6614
1468	1253
9646	8182
543	2055
2255	2248
1530	1950
2805	1687
8315	7015
4836	6058
1420	1876
8697	7667
9051	7149
7974	7104
8242	7411
4706	3549
3696	5170
8304	6858
6148	6239
6737	7224
8898	6682
8582	8983
6329	4567
8457	9353
2734	1489
7616	6981
3543	4330
9061	7047
977	680
6135	4118
1317	1968
441	907
3768	5804
3833	5447
3160	2902
3220	6183
2970	361
3607	4786
5876	5804
1777	2866
1865	411
6449	8200
7454	8562
2002	1028
4042	5694
181	3001
5772	6172
6387	4581
8213	7554
2863	640
9208	7073
5841	3789
6774	7840
1556	1503
8058	9627
5020	5789
202	1030
8466	9671
9588	7937
7612	6738
6095	4682
2614	1787
1801	573
3149	2433
7330	7523
3480	5039
8404	9394
7718	8846
7783	7979
3792	4736
1256	1280
5286	4379
5639	6106
5101	4326
3896	5206
486	417
5666	5338
4718	5114
8378	6978
7692	9126
6344	3712
7079	6881
7413	7499
8601	7415
6190	5433
673	888
8685	7306
9510	6446
7165	9138
3382	3742
8978	8754
3355	4805
415	907
7516	7679
3965	5789
3043	3023
8302	9060
3111	592
745	2694
2542	1500
4952	3593
2773	2446
5970	3869
3946	3225
3819	4981
8992	9215
8859	9156
9362	8389
743	70
2675	1623
1533	295
6883	9460
5054	4417
5667	5257
6426	8045
6356	4068
7522	6860
3252	6183
2520	2994
7179	9394
1284	1159
2604	1870
6002	3773
7859	6766
3424	4304
5594	3217
3180	2114
7008	8914
4906	6351
5512	6011
1577	1610
3338	4001
379	576
4394	4538
7319	6473
2808	1756
4807	5119
6980	8379
9019	7071
203	2199
250	2487
7600	9641
5665	4732
6898	7747
7638	7723
4116	5058
7600	8441
9595	8684
7273	6653
5085	3829
7824	7292
1129	95
6813	9576
2801	2160
8446	9664
7848	9616
8332	6816
1309	2570
1289	1514
5549	4167
3556	4548
8484	9034
9289	7646
1976	2621
8752	8511
3263	6120
587	2745
5596	4899
3884	3567
5285	4443
7042	7718
70	2506
3458	3846
6131	4293
1511	2173
2559	1095
4940	3268
5458	5937
8808	6649
5476	4441
5380	3647
8424	8671
5285	4872
6176	6227
8770	6710
9231	9034
185	1743
7859	8744
2367	295
4589	4746
4938	4044
675	365
5206	4888
119	2641
8551	9145
4626	6118
3147	1100
9039	6439
9298	7230
5274	6008
8108	8282
9708	8730
87	635
8739	7019
9202	8474
455	2963
1169	1882
982	3137
6538	8618
8560	8587
7152	6501
1161	2681
1015	424
4252	5345
7319	9370
8376	9505
3127	1179
3797	4173
6340	3431
5883	6311
5548	5059
2069	1822
1934	1894
9145	8908
6637	6761
4710	3295
5608	3836
3073	2040
8111	8596
2939	1237
2981	2844
7398	7488
8059	6513
7396	8051
8485	9495
2588	1248
1979	2928
5530	4697
8400	7764
9245	8343
7952	8060
3930	3783
693	606
4391	4785
3829	4120
1232	2471
1019	2651
8522	7753
8113	6556
6258	3670
9678	7840
7985	6468
8295	8596
2472	2010
1418	2824
1008	1351
3051	2864
3791	4879
2181	580
8334	6913
14	2994
6793	9313
1140	1316
7227	9495
7079	9606
5684	3883
7130	6405
4116	4067
5676	3692
8972	7516
9228	8053
2997	2054
3322	3680
8343	7136
8151	7661
2489	486
303	2122
5653	5754
9591	7284
3943	3311
4760	5694
7441	7653
8106	9630
5175	5559
5669	4301
5843	5292
4176	3923
1360	180
3772	4514
6949	9372
8727	9198
5225	4151
3328	5669
4484	4366
6130	4253
7587	6404
1165	1850
9414	6419
3741	4511
3714	3241
9013	7375
724	1729
3922	5580
6442	8832
7773	8446
2872	1545
7306	8724
8029	6422
9040	6749
8086	7242
4521	3917
3038	1026
7034	8730
5023	3755
8044	8868
8921	6614
6266	3604
5330	5959
1833	2241
1702	2633
3730	3416
3710	5568
8695	6987
7116	9337
1276	955
5790	4745
5993	4088
8130	8360
9475	7046
1705	1898
6020	3306
1901	1328
3340	3922
4709	3883
4159	3428
3747	6121
3043	1280
352	1849
6596	8068
3351	5590
559	535
1850	721
3460	5135
4405	3710
5094	4966
157	2039
7333	9231
1694	440
9021	6826
5645	4512
5251	3670
5146	4519
9055	9303
6033	4362
3505	4339
2072	3110
5813	4897
821	479
5681	4686
8024	8995
8983	7369
10	881
13	1976
4794	6275
9613	8224
1259	13
4692	4950
3482	5824
2982	2826
3935	3214
8280	8301
8908	9402
1189	2397
9372	8640
8563	6533
8270	8108
5258	3771
8170	9441
8578	7000
6079	6236
7243	8451
3435	3828
2070	896
7392	8157
7943	8273
5732	6183
5022	6069
9038	8186
6246	3884
4080	6124
4227	5330
8905	8157
3338	3252
385	2890
412	1849
1507	2675
6583	9641
1757	2182
3608	5037
9140	6886
2353	2130
6112	4097
3616	6346
7207	8591
5517	5966
7152	6892
6231	5502
1368	2097
202	2109
8589	7480
3894	5627
7757	9663
6252	3261
6613	9213
3983	4230
1404	1280
1301	1941
9393	7217
1402	1936
620	1076
8596	8559
5135	5034
1203	2444
4463	5475
687	2069
9522	8351
7941	6757
1448	321
960	1111
8475	6736
5541	6183
8935	7136
935	1028
6171	3699
2470	365
8229	7204
1399	189
4077	6017
1218	2247
9024	7215
3000	1876
1635	1046
7278	7884
8121	7011
8825	9419
852	1913
3319	4512
2434	2117
1600	304
6775	8883
8434	9644
1947	1931
9456	9056
2106	204
4348	4984
4558	4334
578	1512
9127	8844
4824	6302
7039	6492
7738	7732
6610	8850
5923	5336
5000	3675
4192	4330
5729	3319
885	1530
5607	5298
8425	6626
2035	595
4289	5544
1014	2075
4618	3458
3708	4834
5837	4777
3681	4879
1436	633
9414	8641
372	148
615	1271
5715	3939
8773	9715
7537	7751
336	1954
8611	7832
1638	2199
8270	9495
4443	5135
5431	3880
1903	1631
953	738
9479	8555
7472	9697
4165	4470
7835	9360
9195	9056
6419	7639
3806	5478
8402	7105
929	3001
6385	6379
4352	6024
7150	6449
7410	9638
24	3034
5126	6037
360	604
1550	1669
110	2088
5382	4053
8598	7012
378	3001
1310	2944
3997	5275
3935	5187
2618	2425
8054	8362
2955	2956
8249	7747
9320	7317
9087	7131
8396	8539
9683	7899
790	440
6567	7496
5929	3647
5910	3639
4653	4109
5687	5211
849	2030
7027	7170
7581	7922
8944	8371
5714	5947
4584	3732
4559	4117
7024	7014
5367	5841
6694	8150
3077	926
3859	4515
4854	4488
1440	248
4263	5979
771	1370
4622	6300
5589	5110
8211	7126
7090	6468
1158	68
7514	9472
1318	727
1880	199
8525	9288
8053	8335
5411	5999
3099	468
6054	6213
8966	7868
2208	2224
6293	3389
4842	6233
3959	3258
6284	3790
610	1364
9105	6496
4926	3270
7896	7781
1982	2603
8724	6936
1897	1522
5185	4332
6814	8118
5414	4826
7549	9075
1935	1201
705	1327
8486	8778
394	2231
7417	7767
3646	4537
3809	4511
4938	4008
7445	9137
2244	2080
4695	6183
7732	8809
7405	6626
1129	2558
2941	2366
496	30
7651	7688
7694	7676
8293	6728
1674	501
8977	8774
6404	9297
8522	7753
1141	963
5380	6049
8070	9109
4082	4242
8872	6430
2997	1770
806	1319
5651	4013
1925	465
8440	8925
9095	7577
2075	926
3965	6029
2313	980
3059	295
6985	9089
4783	4053
7647	8691
6462	6736
2083	899
7806	7437
3747	5413
1919	2440
4512	5763
890	653
2858	2512
3952	4090
4301	4607
2301	1547
3370	6183
9212	8372
5919	3281
6310	6093
6846	8724
9162	7070
1529	1116
6203	4457
8786	7000
4085	5807
9209	9402
7025	7767
4483	5433
5935	5338
1715	3199
888	2777
4815	4637
7026	7701
4883	5003
2082	2770
2385	478
1676	67
7267	9445
6091	4140
2106	1143
7986	9303
6335	6183
6196	3883
8252	7435
9385	8887
1083	3144
8063	8171
6863	7690
1447	94
7239	6940
8108	7278
4739	5802
9456	8391
9043	6761
5622	6352
5884	5109
4668	5801
8467	9189
8652	8739
4613	4617
8929	6843
9594	8596
3590	4810
3638	6032
2213	1301
4902	5472
3462	6029
3371	5077
7780	8596
1656	980
5168	5947
5443	4382
5315	5782
3809	6070
3505	6360
6720	7187
7831	7933
6239	3332
2865	3013
4400	6382
3348	4820
7807	8213
2471	274
7245	8646
1959	1323
5468	6119
7060	7474
4054	4348
143	231
7781	9466
3243	3555
188	1016
7586	6473
7655	8594
9315	6808
2317	2925
905	2151
8791	6952
7506	7786
1382	1016
3483	3608
5101	4444
7818	9048
1016	1329
558	2046
2237	808
4533	4954
9012	9437
2057	3156
3330	4506
262	1473
7085	7385
737	1724
1385	2810
5073	5556
8119	6427
5060	4234
944	1573
4880	3611
8243	6618
5086	4505
3905	3486
8421	7769
2451	1878
4841	3507
4190	3602
8299	8908
5196	4231
5717	3389
6767	9130
1252	1319
6290	3311
7694	9273
3734	6121
2798	1158
5994	4740
5714	4762
5276	5833
5372	5034
4867	3705
9616	8150
4556	4221
1592	1280
2127	161
709	2744
7206	8214
4153	3741
707	1638
1609	3188
8748	8421
1663	2046
2192	1729
6091	5042
6206	4715
9704	8133
2314	720
5727	4244
8577	6998
8391	9342
71	107
6578	7773
7596	7100
1561	1324
2831	2977
5169	6047
5967	6337
3813	4857
7605	6479
6983	9511
2576	1039
3373	5940
6926	8984
6593	9056
6413	7349
601	1096
5626	4053
9289	8223
922	1881
7606	7596
4271	4666
5238	4768
1854	2051
5171	6014
795	1375
9148	8752
4942	3315
8039	7019
8861	8550
8737	8000
9141	7876
7054	6892
2729	671
6085	4208
8397	9413
1798	2677
6555	7127
2101	245
1059	34
1712	972
2548	1014
3187	479
980	2562
8449	8615
357	1577
4067	5544
3253	4183
4604	5433
1011	2634
7586	7862
6412	6595
974	1086
6712	8950
5629	4554
3799	4326
188	2737
4304	6072
453	1851
615	1788
8158	9056
4870	4293
7066	8071
2754	1065
6494	6593
1724	2516
190	2551
6602	7107
1074	407
9628	8004
1590	466
3166	1274
5250	5388
3058	1993
3042	2061
4512	5145
6401	7019
1685	2897
7392	6516
4144	5336
1912	1665
8662	9115
8649	8378
9355	8956
6370	5775
8542	7411
4874	3650
7489	7499
9715	8484
1374	472
2935	2317
1813	479
4062	5757
9101	8188
1640	1619
1496	1589
7423	7739
8656	8223
2084	371
5692	5712
706	1042
8698	7834
8415	6775
2573	180
9353	6591
8108	8723
926	2070
6926	7019
645	1594
5228	5488
9362	9702
8564	7261
1946	955
8524	6665
4453	4551
7300	8795
5293	3507
6095	3809
9203	6952
4242	4082
1557	1347
5749	6109
3915	3692
3087	1954
3566	3246
1529	1279
1502	2478
9288	8154
9318	8739
3571	4833
2974	3150
9688	7477
5442	5812
6116	5696
7859	7035
2661	1143
7277	8716
6921	7771
3877	6079
6765	8002
7733	9339
5427	3741
7602	7720
3474	4332
9527	8315
607	1003
9094	9485
910	2407
5054	3414
149	1530
5178	4984
2517	680
1965	277
4316	6173
8599	8938
105	2199
5096	3298
6259	4957
7318	9484
8714	9692
5935	5525
1005	1006
3005	2875
5739	4665
903	2233
8867	7356
7024	9527
9318	8443
1620	1078
3585	5305
2763	1100
4852	5383
4713	6115
3751	4067
288	1534
6021	5230
6878	7436
3141	973
1290	1773
8680	9301
3330	5368
1350	2571
3607	4804
9078	7435
9308	8743
1145	3088
2822	3035
7299	7877
4158	6059
1297	2630
1524	1068
4979	6086
7665	9325
7502	6620
4526	3568
7889	7097
2607	502
8842	9098
7994	8925
9141	7382
7033	7731
1309	323
1827	15
7780	6595
3391	6364
4314	5197
3372	3527
8059	8528
866	2440
4098	4195
4979	3858
3336	5380
9140	9606
6937	7676
6285	5114
1939	1266
739	109
8046	6572
7073	7087
7151	7499
4475	5701
93	1880
8751	9035
8432	7945
9089	8116
2419	1187
4715	4736
1408	1909
8987	7416
6315	4973
9217	8100
3946	3431
8867	9641
6383	5669
6137	5591
7446	8203
4033	4529
5272	5552
7150	6405
5291	3987
5517	3829
4462	3773
3936	3225
6047	4212
5295	6379
9169	9616
8203	8258
7364	8452
4545	3221
6254	3636
391	1108
5711	5410
2245	2506
9296	9309
6010	4817
2354	2812
8584	7290
8013	8493
9612	6929
1273	2994
7141	9548
1351	1201
1291	1093
1296	2122
2490	1230
1464	1085
4501	4780
5479	3623
6276	5228
7276	7769
2211	2536
7157	8440
5289	6354
1081	402
5899	4970
6449	7031
9116	6732
592	1419
4097	4050
3144	1100
49	2748
1554	2107
2670	509
4994	3225
6239	4038
9444	6604
2557	406
4485	4015
6765	7302
2046	2063
7110	7149
3897	5680
6523	9635
7531	6435
9086	8365
3754	4038
7951	6812
7177	6960
7345	8182
1271	541
5545	4935
9341	7497
5586	3297
4916	6258
8180	8999
9254	8974
9405	8072
1617	364
6727	8213
2247	409
1537	2315
3006	2242
1996	1263
7438	7328
3613	3483
1246	2421
753	826
1330	1077
6344	3726
4002	3811
169	2727
2487	1534
1196	3001
3543	3811
5119	6079
491	2326
7750	9301
9361	7103
7103	7223
1244	546
7206	8157
1992	1021
5688	3670
7696	8239
8195	6989
842	439
4577	5126
6889	6843
1304	1909
7571	8965
3337	3332
2495	236
2717	3148
3252	4856
2010	1326
672	2208
9001	9360
8521	9638
6495	8980
8723	6888
7088	6438
2666	833
5158	5712
5590	3960
3545	3893
6541	9211
8529	8724
9035	6712
5647	5666
5804	4167
612	2989
4021	5963
5771	3646
9110	7503
309	2315
6008	4391
73	465
4554	6311
5831	6239
5974	5601
5299	5896
3748	5103
5812	3469
7789	6843
474	2398
9675	7435
6539	8159
6326	5290
2606	1523
9570	6728
3861	5203
5984	3469
9076	8350
2596	580
7647	7825
4150	4849
7104	6960
7468	8379
6509	7912
5570	5336
1768	2513
7955	8032
5203	5423
7344	7577
1280	14
2385	321
3351	4427
5398	4073
3426	4141
2651	2491
5876	4617
2442	2212
6493	8596
386	2173
6135	5534
8386	7806
3723	4922
2050	2356
1834	659
8544	9402
8172	6570
6997	7667
1075	121
8937	8630
9602	7496
8661	7689
2368	2143
3378	5294
8789	7987
6997	6474
8021	8260
6570	7097
3303	5235
6402	7489
6754	7174
6624	9109
847	2795
2324	2249
1100	870
1544	1976
6852	9678
8155	9470
1665	3088
1908	1096
8323	8093
4366	3921
6635	7884
1587	1160
9082	7634
2406	1173
5269	3632
9425	8709
2464	2188
400	2106
4766	5502
2698	551
652	1175
7490	7301
6055	6056
3747	3924
2442	1461
7935	9146
5517	3883
6524	7973
2462	1704
1721	1324
8786	7329
4015	4898
6815	8496
648	1197
5991	3827
5320	3442
7686	8594
268	2557
4105	5687
6029	4771
8452	6984
5934	4038
6932	7753
4072	5308
5991	5095
6179	4930
2615	3080
190	321
8377	8195
7614	7542
5995	5193
124	2257
7426	7733
7857	7176
2226	1266
5613	4019
6176	5841
52	790
2981	520
8722	7126
1175	2451
577	2081
1890	739
8569	7061
6988	8335
7053	9102
1805	792
7635	9056
6234	3476
1608	1040
911	1383
5231	4922
3908	3383
5207	4457
3116	2279
1703	2321
6432	7670
6136	5500
3172	2891
1096	1964
7785	8917
8355	7780
2427	2199
3224	5856
3188	867
7787	6803
8941	7172
1095	1881
6457	7591
5388	6036
2116	332
4193	5227
4472	3356
9301	6484
6927	8542
1445	2762
9599	8493
905	1280
3269	5906
5953	4470
5477	4813
3954	5578
152	624
3230	4301
7368	7688
4566	5385
4455	5251
968	2975
6219	3483
6681	8297
4040	4415
9048	7561
7289	6457
3070	567
6014	4591
4068	4624
1423	92
9210	7089
6598	7688
2100	3189
1404	2559
3420	5230
482	1395
1449	2644
2246	406
6077	3508
997	1519
594	1731
4349	5677
2589	1327
6519	7107
6019	3526
5392	5389
6631	6879
8669	8894
3698	4611
8052	7548
6169	4731
6042	5602
1618	2046
9551	7772
4630	3903
2314	651
629	1063
2884	453
4731	3836
9414	6448
5255	6213
8895	9656
5172	4112
7384	7382
3320	3552
2627	2224
5901	5628
7458	7717
5478	5669
2956	2766
9647	7688
7986	7123
2453	3114
2132	1452
7125	9277
2223	1793
4559	5614
3562	4858
3125	1149
8979	7019
6546	8651
8082	6537
9444	9663
3216	6132
9174	8454
3229	4217
3069	1565
1082	2756
869	1364
1953	2795
6982	8487
8970	6406
4503	3643
8429	6665
7150	7149
2401	2819
762	212
3146	917
5466	3706
2624	1758
7745	7019
4355	4714
7279	8501
9097	7356
7329	7034
2546	1898
4299	4514
9185	6835
4633	4954
9169	8551
6875	9201
3619	5294
2586	2044
908	2610
4043	4151
9574	6726
3611	4972
2209	1944
6572	6649
201	544
1829	1898
9159	9281
7750	8697
3988	4038
6988	9601
4545	5189
6755	7106
6312	5824
7339	7014
1244	1884
4477	4757
5995	5514
8904	7028
4119	4300
8612	8380
2518	2070
1544	1112
3291	5039
8142	9255
9596	6952
2141	2848
3837	4470
9172	8996
1794	3001
6079	6007
2776	1458
2901	2706
3864	4571
873	3131
4716	3832
3673	3923
5494	3884
3157	1165
5614	5431
8900	6728
3853	5187
9163	7622
300	187
3670	5207
6533	9269
1240	1558
8285	6392
307	2051
6382	5473
3059	1216
2899	2457
4315	5336
8945	8859
612	2045
5168	4087
2164	2645
6989	8003
4436	4252
5464	4332
8710	9280
2046	2887
3753	5362
5889	3836
902	2046
1440	606
8728	7726
6060	5502
450	966
6181	5674
4323	5673
855	2230
2879	512
2901	2706
6763	8022
717	2546
2378	1115
8468	9472
7290	9678
2432	509
9538	9495
4631	4349
8555	6436
7585	8846
7379	6667
6938	8924
6999	6405
3647	4228
3873	3933
1773	2645
8125	6884
12	86
2369	2336
1590	1091
506	1811
620	1318
1280	345
1485	253
8536	7126
7272	7304
54	2044
8826	6423
7123	6572
699	2497
5344	5573
2268	1116
3621	4151
4910	5552
4072	4625
4997	5231
9418	7234
4101	5924
6519	7960
7029	9056
6147	4052
8424	9014
5121	4054
3208	2211
6296	3800
7753	6468
74	457
7811	7099
8482	7023
2484	2973
5219	3285
4907	4118
2896	1898
2897	1524
6531	7298
1149	199
5860	3433
1851	1102
4627	5473
1488	1383
631	2581
8310	7114
836	1811
4518	6270
2714	1437
9068	7013
3885	5659
1936	2627
1545	1853
5601	4538
3900	6148
3568	5072
6352	4963
3973	4508
6332	4794
302	1297
4000	3366
7788	6840
4009	6337
8897	9325
7604	8620
4875	5682
3618	5308
5083	5017
3868	4985
9146	9383
9454	9264
4204	5152
6784	8188
870	439
3024	1258
6283	4228
8653	7149
5918	6035
889	2129
8085	8135
6181	3807
8591	7848
6535	8181
6121	5643
6616	6841
875	1708
2291	867
1409	953
4537	3305
354	1577
63	151
7442	9242
7562	7042
9188	9065
8208	8261
4070	4305
5183	4342
6405	8053
8605	6565
6756	8158
2627	129
6504	9568
6330	3627
4852	3706
7783	7315
6708	9492
6906	8508
2704	1328
7871	6565
3855	3608
3160	926
5235	5442
7774	7105
7301	8613
8992	7880
1569	2994
2733	3056
8649	7598
6421	8670
8967	8870
1155	1865
9188	8195
7260	6573
9573	9645
7954	7720
6655	6453
8897	6779
9103	6937
4963	3883
6722	8748
8141	6876
8771	8454
5371	3858
563	3145
7907	8953
7716	7622
4424	3313
7684	7578
4654	3828
8448	8296
8093	6759
8859	9276
7370	6869
6429	8471
377	3047
2155	720
5989	3418
7796	8474
5710	5968
8277	8777
4868	5431
7186	6800
3257	5762
7007	7375
2101	2282
9451	9708
8102	8178
3598	4943
7688	8479
4478	4998
8422	9090
8841	6422
9065	9264
9306	6888
3440	5880
1513	2265
3229	4566
7575	7410
7928	8443
6626	7023
3214	4826
2477	942
9287	9270
3845	4513
210	249
8289	6754
822	1770
7548	9560
7909	7357
8031	8501
7703	8975
3334	5034
9066	8152
6707	8493
7092	8691
7427	7357
4308	3267
8158	9638
4683	5195
2486	2836
2485	2107
6474	8133
4154	3968
7253	8905
3079	406
9130	7021
6415	8938
8184	7725
7986	7688
3446	5092
4195	3922
2366	112
6840	7550
8077	6490
2231	3157
7871	9495
8904	7996
4564	3610
7608	8575
8613	8045
6929	6766
3674	3237
6117	4821
1809	2928
8862	7773
8561	7098
8197	9446
2870	1016
8936	7725
7875	7137
3648	5849
3099	826
4176	5753
3304	3609
6389	5082
1870	2070
672	926
6915	7734
2065	2267
1960	3098
9028	8345
6709	7263
774	374
1864	613
3985	4416
8422	7903
1346	236
4373	6195
9301	8317
2696	272
5341	5792
1168	2107
2181	2248
8755	6888
8135	6723
3335	5230
4443	4441
2533	2086
4496	6031
7411	7050
6379	4888
5378	4330
8706	9563
7401	9146
5589	5103
9362	8410
7671	7872
4698	5990
1200	898
1766	1008
5265	3858
5905	3793
6373	5124
8154	7179
8754	9663
7140	8249
1534	2246
5042	5512
6430	6586
7062	6390
2172	1588
1386	3060
640	2296
8187	7628
2272	2558
6240	4963
6804	9704
7842	8479
2840	145
6219	5950
6531	7035
6356	5209
1849	1684
3292	4730
3700	3220
7383	9179
1178	187
8712	6682
5193	4104
8844	8312
2357	1413
6031	4093
1753	468
4859	3431
1913	645
4794	3965
987	955
9417	7415
8181	8492
583	3001
4059	5995
6532	9384
1066	2506
9259	7611
463	1440
6048	5859
8105	8100
4546	5896
5932	4512
5960	4309
5520	6185
8053	9304
1568	1542
3667	4553
130	3067
1556	2023
1081	1671
7698	8280
3138	732
1363	730
8249	9125
6613	7897
1882	1599
3842	3663
3421	5471
211	1002
8206	8984
6559	7061
5177	6036
2965	398
1711	3203
6425	9300
5220	4075
9045	8120
5151	5390
5269	5525
7654	9136
1700	2531
1926	613
7224	7660
2748	106
1908	826
8783	8442
5666	3917
3593	4952
6406	8261
8600	7131
4234	3673
1966	2322
9048	9341
7036	8985
7497	8595
2173	3032
9049	8529
3136	1714
2069	460
840	1357
3639	5856
4339	4096
4159	3669
3853	4834
5779	4719
2187	1916
100	2407
8747	8001
4773	4879
2346	845
3305	6304
9001	8730
1283	2488
7167	6813
1315	1500
1066	226
8196	6599
6321	4923
4409	3804
2870	3091
4137	5336
8155	9062
1148	2715
5838	5594
899	800
7911	6888
9434	9518
7724	6462
3505	4470
4124	5229
877	866
7407	7401
6460	7499
3734	3692
9181	8096
6826	9678
286	2390
2860	3056
4065	4731
4128	3865
1761	195
6107	4305
242	120
2733	1879
6780	9495
3819	5140
2448	662
9638	7822
3525	3810
48	687
1844	821
7046	9638
9238	7700
7573	8230
5768	3746
6943	6495
2489	1577
3531	5823
8401	8200
4576	6136
7623	8959
8681	7394
7026	7946
3850	5959
9307	6718
6505	8337
6313	5195
4535	4603
8031	8731
4857	4513
5651	5228
537	2398
4538	4667
4288	5787
794	2427
6199	4053
3008	2248
2598	902
5697	4054
6220	4269
3383	6384
8913	8134
4385	6193
6321	5633
207	765
9374	6553
778	186
6547	8357
7637	6595
8425	7701
7539	7706
4820	6384
1664	885
4030	3280
8396	8839
6138	6163
6947	7045
722	104
7132	7053
2304	1851
2162	2619
725	598
592	1824
7469	9005
3277	5378
7152	7025
3489	5608
4418	5181
8635	7876
9044	9057
9584	8400
101	3001
8001	9158
5628	5129
5359	4057
3757	6193
2365	1016
4979	6059
3185	3123
1503	1328
4879	4791
6295	3324
26	189
4890	4058
5454	4612
6608	8859
3172	1157
7496	8239
6319	5534
261	1364
983	2974
972	1321
9603	7357
4378	4457
6646	9259
3799	5255
3059	1937
5150	5336
2301	2055
882	2122
8997	8521
1568	3079
4558	5510
1674	2296
1496	2707
2347	486
6870	8486
2637	422
6252	3801
4360	5252
7875	7543
835	1497
527	2584
5091	5070
2860	1177
1111	1789
6594	6665
3111	422
5284	4021
1490	805
1810	15
6940	6795
856	1013
5537	3674
2106	113
327	3001
4062	5665
2960	159
8395	7724
6134	6354
3934	6247
2115	1852
112	2603
1781	2153
8529	9583
7704	8121
7380	8781
375	1776
7013	7307
4919	4551
5024	3221
9322	7353
6937	7230
4779	3431
6907	6828
5115	5545
3976	4567
6298	3752
5999	4762
8710	7492
3052	1786
9341	9083
2195	2365
2637	916
2391	1224
4020	3740
4257	3610
2075	178
3208	2875
5128	6230
157	15
8149	8620
9482	9493
4211	3848
8240	6955
5221	3828
8368	7640
7280	9146
4464	4647
5244	3684
845	1112
3394	3807
3252	5825
5488	3899
3521	6288
5627	6273
1374	2874
9054	8493
7347	8573
9267	6869
2646	1394
8783	8980
7391	7604
7052	9095
7304	7930
9284	7225
1212	3129
8233	8450
5569	5301
646	2675
292	1061
3752	4318
7076	7646
4791	5700
556	3110
3579	5925
2118	2434
1616	1100
5576	4262
5649	3732
3048	2069
7275	9349
2146	236
5086	5703
3541	4472
4616	3700
4044	3911
7685	8849
4772	5063
1140	468
7931	8497
7553	9663
756	145
4934	3883
626	3172
3434	3644
5107	6155
8329	7369
9101	8188
6288	6217
216	1686
3128	2071
2372	1617
7380	6983
5705	3917
87	2607
2581	2106
2156	2862
6715	8955
8633	8772
3870	6059
8281	9568
3527	4293
307	1366
7324	8551
3670	6316
1805	2485
585	1592
6275	3796
1287	2151
315	1861
5242	4050
2314	292
8217	7492
4177	4241
2465	2939
9261	9525
1799	1129
5582	4974
5725	5959
479	134
4862	6049
4978	4208
5032	4001
7368	8809
7362	6405
7369	9582
4537	5641
7893	8772
5847	5248
9262	7251
3497	5103
8769	8516
3362	3407
2749	374
2667	2278
2687	868
546	2285
5470	3451
5766	4957
2040	430
1313	3074
231	3121
733	380
6197	6302
5039	5727
2460	2506
3370	5162
3712	3239
35	1474
4342	5719
6858	7261
229	1812
255	606
9603	6558
6090	4066
6922	8704
6646	9259
433	1100
2661	148
8306	7733
6271	4293
6693	8542
9507	7225
1192	3001
3756	4245
2186	1920
5507	5560
4644	5234
5908	3864
3544	5532
7482	7129
6209	6175
6931	8474
2881	989
194	276
7752	7353
2220	2492
8719	8704
2169	382
5915	5658
3963	3567
8394	8158
8300	8605
6416	8800
5845	5065
9050	7825
1668	1759
3789	3893
7575	6902
8374	8639
9282	6857
8820	7969
3573	3807
7554	6720
6251	3306
2664	192
5999	4856
8816	7684
8670	8925
6217	4731
222	2707
5404	5700
6948	7261
2163	2160
9634	8713
5459	6022
1404	2514
3608	4658
7081	8485
1201	926
1158	1807
7125	9120
7805	7019
368	613
2719	2725
5630	5947
7965	8777
932	990
8236	7503
1433	2723
9483	9584
6569	7766
2909	798
2267	1100
3549	3535
652	728
2198	486
6344	5042
9239	8805
4185	4293
7540	6588
9168	8453
5198	3548
9333	8743
4874	5084
2560	1386
5455	3367
7080	8317
374	1325
1624	549
2193	1511
3778	3463
3823	5478
5203	5819
6357	5338
3016	1028
9350	9307
4140	3317
1350	2603
1782	2873
8814	9704
8815	8241
9089	8632
6446	6670
4309	6244
4925	4136
6748	9126
5414	4719
2266	1589
3214	4826
9092	9085
3554	5455
8405	8317
8106	7313
5786	5657
7158	6405
2718	2212
5565	4019
6563	6423
5274	4641
7679	7733
331	173
2074	863
6139	5103
7696	8338
5105	5935
417	1293
4913	3707
8143	9083
1173	3131
2255	2285
6433	9615
5849	4617
4622	3422
7417	8945
2317	688
6029	4049
8963	9302
9525	9578
7178	6793
6413	6813
8365	7731
8886	8484
7967	9606
9398	9633
8737	6593
5064	4805
459	2907
3091	1811
9413	6766
6275	4455
5799	3813
9250	6794
4954	3715
3515	6037
488	1197
6664	9023
6435	9255
6814	9543
383	2994
8692	7021
6215	4762
2020	2046
4678	5738
3610	6112
3205	1564
6853	7588
1693	15
5482	3752
203	364
2040	1693
3672	5512
4932	4023
1140	540
4981	3232
6897	7844
2151	14
3646	4327
1510	925
6092	5505
3800	5017
1308	1805
6681	7560
8863	8228
8724	7540
2400	2967
4930	5152
4775	5566
5871	4384
2814	551
5881	4617
8385	9178
1950	1325
3743	3352
8154	8995
3074	2148
8533	8301
7419	7689
3864	4993
2507	2224
2499	410
1244	1140
8264	6860
7572	8702
8517	7002
3523	5344
63	2440
9160	8791
4869	3237
244	613
1331	2967
1059	2922
7491	8347
8288	6957
1841	1482
2954	1037
1926	2471
3466	4061
5020	5788
7876	6841
4492	3670
2073	2991
7496	8087
9425	8956
5733	5633
7505	6622
8040	6799
7361	8736
759	899
5524	3790
5333	3527
8660	6791
5059	4292
5583	3923
9433	9493
5627	4283
2009	2156
1446	2989
8275	9622
7049	8739
6388	5947
6947	8327
3318	6193
1704	469
1190	659
1770	44
6972	7463
2629	2501
650	3156
7889	9064
3722	6381
5559	4533
9213	7391
1483	1509
7357	8903
9195	8730
4431	4279
7233	8254
3777	4396
9347	9108
4123	5658
8008	7131
1311	2485
2218	635
3285	5338
5474	5472
3242	4991
7596	7197
8329	6726
4146	3911
6836	6792
8636	7237
1455	811
4098	4209
1254	1278
2921	1497
3674	5028
1326	1684
2174	236
8278	8520
2539	2454
7102	8732
4064	6043
7424	8485
8342	6528
8874	7089
2841	1704
7194	7805
5816	4666
7678	8335
3821	5674
3689	3988
5886	4332
9442	8273
989	1884
4287	5417
3198	773
6371	5665
7866	9638
3017	2875
2819	1992
6339	4097
6943	7331
4511	4582
2084	1327
6661	9372
1761	2097
677	846
2061	2128
1329	2579
9122	7261
5446	3555
1800	1196
6887	9195
5036	5089
2365	926
5747	6230
9510	8953
8037	7364
6219	5686
6168	4457
7456	8242
8053	7473
177	2071
7891	8126
8162	6710
72	2837
6838	8160
8099	7503
7048	8778
402	2312
8613	6933
7632	8730
4231	4330
916	3198
3732	4451
6305	6064
6983	8578
2473	1141
8790	7254
5970	4607
580	2836
8795	8306
4103	5293
2504	167
7696	7881
1919	689
483	1325
8141	8511
8516	6635
2334	369
1694	2860
3468	4458
437	2291
8118	7650
3349	5433
1180	1280
4519	4514
1686	429
4801	3755
4130	5224
7740	9241
5466	6183
3566	3431
1977	2248
4640	3225
1327	1500
5967	3804
7761	8157
8265	8612
8429	7905
8157	7771
1733	806
873	2974
4557	5068
7455	8943
9049	7748
8026	7772
2274	3009
8122	7646
4005	5502
5977	5928
4278	6341
6522	7415
4590	4070
5447	4963
8313	7169
7151	8859
2932	851
7273	7488
5200	5220
1149	3183
1592	3207
6942	8335
6144	5124
2338	2362
9324	8706
8842	7434
2560	977
5721	4943
1216	1326
5768	4980
8251	8753
4596	4293
3509	5434
629	1451
6252	3442
3434	3692
5227	3829
1919	1458
3958	3807
3176	3054
8251	6593
5482	5345
6365	3422
7683	8943
5876	3568
8003	8908
4025	5306
5236	3957
4736	3539
3264	3448
2042	2233
6611	8008
4769	3242
7004	9285
6966	7474
8953	7691
5637	5382
1236	1024
2474	997
6511	8314
2099	1375
7436	6817
9156	7689
6030	5990
7312	8283
4682	4627
8124	6867
3235	4353
8350	6435
4662	5129
4833	3571
7229	6601
4561	3500
5452	5459
2808	30
1362	2122
795	2780
4281	3696
9133	6405
6524	9704
8400	6521
3752	4452
4062	5973
1258	1168
6249	4656
5171	4769
3626	5303
5379	4690
4387	6183
4185	4515
7646	7126
8706	6516
1022	409
2276	2526
7346	6395
6537	6593
7091	8667
9141	7675
8324	8667
1602	2061
1722	944
5004	3810
3661	3755
5721	3706
8826	6791
1761	2453
3764	4974
1945	1564
3843	4455
7850	8734
2584	2745
6705	9513
2990	286
6402	7302
3112	1143
1247	1401
5251	6241
37	1361
920	540
3275	4987
1065	1510
9375	6871
9569	6599
5399	5593
2996	2753
2601	3034
3028	747
3699	3317
1456	2160
5196	3646
2629	708
4288	3213
4944	6059
1806	3136
506	1450
881	111
4804	4530
3045	476
6304	3719
4975	4913
7252	7726
6155	4093
3151	1115
5600	3588
4713	4217
2870	778
5591	5251
4789	3823
9014	7492
5239	5707
6619	8791
8197	7725
200	1560
348	1542
8509	8975
4194	3819
5568	5087
8056	6553
4760	3938
5924	5016
5903	4715
8563	8238
1013	2812
4543	4888
2749	1774
65	1510
899	710
602	2626
7029	6800
7855	7983
4806	4367
9058	7740
4962	3885
7132	6962
1271	1776
8173	9052
113	3171
4376	4032
4769	3935
3504	4348
2354	2107
6621	9369
7651	7434
2546	1293
7232	6909
327	2498
4875	5583
8709	9710
5729	6195
5532	5073
7603	7284
7196	7623
3567	3335
187	1445
496	402
4080	5389
9322	9302
9711	8001
1097	1646
2734	1730
6643	7646
6702	8739
6438	7905
4984	4957
8973	7725
7186	6800
836	1669
5281	4013
7562	8596
3457	4785
7937	8574
4780	5235
3558	4680
8762	6791
414	659
7133	8770
5806	5862
9711	8280
7730	7858
9136	7009
6089	3958
9369	7222
6802	7955
1645	2009
1277	1266
5502	3577
2001	2629
3926	4485
6622	8116
1446	2837
6165	4826
3869	6172
6238	4849
7091	7073
757	501
6205	5313
2053	1202
1969	3051
6476	8224
5043	6229
9452	9267
3984	5933
797	562
4990	6230
3948	3604
3665	3814
645	3001
2284	749
5401	3786
2481	2152
4963	6228
7658	9493
576	2114
9157	7777
234	1273
7329	8806
3157	2151
487	3066
1273	436
6890	7687
4262	3429
5852	5022
6627	6644
7760	7362
6147	5700
9382	9644
7584	7801
1414	501
1148	2804
949	1792
5330	4018
3354	5514
7508	6476
7887	8548
8722	8690
8373	7734
1848	2187
2944	1880
1260	61
1477	3160
6322	5280
8514	7218
6742	6872
4819	3947
6159	3849
6662	9495
5061	3771
7114	9201
2097	2603
6393	8867
5230	4036
5608	3610
6949	6479
3578	3564
858	466
7070	7441
3753	5590
7457	7089
3866	5102
6868	8421
3407	4200
6239	3807
7907	7691
2925	2706
7295	8493
3670	6030
4926	4527
257	1230
2300	1269
5819	4013
7316	8042
7009	7049
8716	8158
3876	5851
4955	6195
5120	3500
9003	7773
96	1911
990	2631
8574	9569
646	1783
1414	1205
7735	8962
8207	6867
4738	4378
4775	3647
2982	2769
4105	6322
869	2372
145	766
3302	4338
5861	4500
6942	7924
217	3001
8579	9142
744	207
1560	1244
2676	317
3107	2045
4686	4183
8640	8158
2942	1024
4592	4148
3259	3753
8227	8479
106	1809
6377	4515
9303	8801
3918	5930
325	1016
809	2292
635	557
5410	4050
8016	7419
8268	7669
4376	4512
9654	8743
4187	3434
3571	4833
6152	3735
507	1964
4080	5235
957	3110
629	81
9203	8276
5270	3831
5140	3735
4598	3306
2937	1909
403	2926
8047	8799
7536	7499
1640	2791
3505	4112
1198	651
1087	996
8997	9380
4590	4712
7631	8990
5928	3923
4949	5344
6318	4053
1550	2435
1727	1815
4267	4470
8112	8574
1166	1061
1126	1278
4637	4813
6854	7069
7547	8171
6395	8982
5690	3610
7795	8594
702	1809
1279	186
5333	5037
3220	4512
6914	7677
5405	4978
1605	1909
9282	8709
481	247
39	1553
6742	8771
4897	4686
6817	8041
9623	8772
3970	5272
8053	8496
4202	4236
8446	9055
3915	5933
5652	4514
5560	4766
478	774
494	803
1090	1085
7266	8328
2528	272
4090	5509
7218	7224
4698	6341
6062	5076
8999	7728
4533	5559
76	1882
4224	4118
8648	8947
2317	1321
9375	7942
9599	9068
6787	9051
3063	1892
5958	3953
9078	9487
1392	926
2226	2427
8457	8118
3854	3837
7446	8580
620	2257
732	629
2762	2362
2444	1890
7409	7158
5526	6350
9100	7225
3689	5694
3748	4593
8035	9339
2521	398
1388	398
5283	4234
2695	2011
7771	8158
4693	5199
3801	6378
6436	8487
4582	5336
5616	3728
7496	8739
133	953
2535	726
3987	4857
5959	5151
4801	3462
3594	4977
9306	8963
5697	3347
8719	8947
8285	9472
3054	2459
1653	295
1802	1717
4412	3709
2111	2954
9436	8450
8085	6493
7839	8964
9526	8240
4655	5724
2322	2681
5661	5433
7862	7026
7224	8691
3488	4589
552	1364
9437	6572
6957	6595
524	1844
5880	4514
408	2905
9328	7345
1656	1182
2457	1297
585	75
3144	2089
7260	7131
6091	6262
1449	1264
687	1327
9540	6868
1554	837
3555	3272
3214	5599
5663	5089
5432	4053
8243	8713
6785	8160
4022	5816
877	2248
3459	4839
8876	6462
6851	9525
3088	2962
7120	8450
9548	7667
7087	9229
4640	3657
5660	3808
9560	7029
1738	2313
5509	3253
7796	8555
7624	7385
1200	2582
6354	6198
3141	2390
4635	5337
2077	2573
3038	32
274	609
8302	8222
6246	4966
3478	5131
454	1115
756	2682
6037	3893
1141	2874
7534	8638
5530	4277
3822	5320
8307	6595
8607	6869
3710	3565
1122	552
601	830
4420	5294
7832	9554
5967	4912
3112	1799
7391	9645
7011	7931
592	1730
2836	1266
5576	5348
6496	7353
8303	9606
8064	8824
9574	7872
170	171
8437	8605
6174	5902
242	1286
4729	4457
644	3163
1184	2890
5357	3225
7759	7044
4090	5951
1470	2246
6611	8871
499	1701
221	259
6099	3755
2668	2928
2057	551
6113	4105
1122	662
87	446
188	210
9067	7543
7685	9394
6810	7265
6852	8873
3483	3878
8135	8894
1566	3077
8307	8242
5077	4551
3673	5784
7718	6665
8081	8496
7	249
8470	8586
8396	7435
4357	4470
8394	7857
8587	8479
6696	7299
9246	8812
7956	8816
2131	1280
9525	7604
4850	3481
2296	198
6747	9610
435	801
4912	4801
4574	3355
8310	7905
6430	6539
5788	5988
9243	6747
3320	5335
2065	2913
3531	4268
1091	2033
1187	1469
2064	1205
3026	3022
521	730
2311	1825
354	949
8162	9663
6031	4415
4186	4464
7271	6422
6405	8240
3557	3923
1225	676
1053	2336
2321	2972
2727	2320
1851	479
7914	7234
8983	6573
1878	2135
6117	4473
3699	5489
4124	5446
1952	827
4065	4205
6547	6690
7352	8690
1433	226
559	1703
6470	6963
7380	6843
1972	2177
3702	6061
1566	2026
3313	5374
2445	12
6274	4923
4443	4459
5964	6328
2543	3134
9569	8655
5802	5502
2617	3012
3523	5344
2544	1876
9108	6549
7860	9645
7314	7650
9478	9395
6621	9340
6386	5568
7052	6401
1692	149
6549	7319
1941	106
2625	990
1235	442
3028	863
7183	7484
961	1796
3835	4504
2317	2308
7643	8216
6182	5083
3912	3436
8446	7229
638	1038
1843	2363
496	2427
2171	1785
1031	1358
796	2986
8682	8595
6514	7814
3465	3945
2699	369
8537	6709
6433	8063
3297	5967
6202	3599
7132	6494
1511	3135
1863	1911
928	1259
6579	8940
94	693
725	730
7539	8294
2021	2773
493	1577
3818	4015
3011	638
6380	3608
4794	5655
9580	9176
6557	8240
6380	3886
3231	3590
5953	4091
9226	9130
163	2010
1181	1102
6490	8414
768	15
4766	5263
8339	8706
2047	1389
5482	4509
1134	821
896	632
2425	1143
2902	1440
4950	3775
8251	7671
7657	9670
2747	2487
5119	3469
6114	5780
2970	1629
5290	6176
7430	9274
9054	8617
328	231
3708	3590
8070	9333
2362	3001
8585	9383
7078	8116
3564	4464
8152	6789
3554	6307
5513	4613
1703	739
4898	4836
6338	3807
3973	6240
2462	422
2084	1672
1177	168
3852	5674
7589	6695
9300	6869
6807	8593
6412	6620
8426	9039
2976	1366
4141	6369
6200	4013
5608	6379
499	594
5581	5535
5455	3302
5077	3376
7795	7113
3420	5544
7149	6778
7263	7014
2776	276
7510	9282
7343	8724
7085	7862
9284	9289
1962	280
3457	4240
1880	2529
5188	5366
6038	5558
3326	4214
9679	9709
6348	6047
4244	4940
6106	4457
792	1787
2290	2441
7889	7260
2750	2485
5113	4626
7203	9300
1768	2396
1725	1549
2621	2721
8007	7482
778	2502
6000	3828
927	323
1826	3167
6159	3570
9119	8293
6566	6792
7388	8641
6697	9402
3246	5063
7188	9076
955	1884
5770	4183
4560	5947
5375	5676
7815	9346
7263	6968
1062	2911
2952	814
7265	8743
9540	6906
9025	8220
3989	4149
2430	2710
3252	5487
3618	4282
8879	9274
2919	2672
2792	1842
5329	3436
6824	7828
570	2094
1807	3184
1984	2577
5609	4701
2597	30
3364	3366
8716	6653
8685	8192
5242	5520
1226	1981
3638	4449
7202	6530
6803	7103
1970	3060
46	2212
5342	5487
6972	7781
6120	3801
5338	4305
1599	2508
2384	2013
5577	5302
1330	1541
3840	6092
8601	7299
8248	6888
7514	9056
2066	2793
2117	1280
2562	1986
2741	1437
7536	6888
5962	4970
2911	2579
9711	9608
4675	5097
9598	9352
4819	4750
7183	9049
717	1230
7072	8276
1800	2335
4977	3241
9184	9203
2016	2197
8776	6486
4863	5839
6277	6017
5111	6379
4531	5510
9156	9372
3072	2704
7245	6781
53	2619
4544	5417
8692	7085
4317	5551
16	1616
4397	4593
3071	599
8713	7676
7816	7847
2734	736
3140	1473
3465	4022
8141	7257
2391	69
1638	623
9168	7137
7873	9425
1510	2579
1973	729
5975	5478
5605	4848
629	701
540	1638
3997	4812
2065	1189
8227	8783
3318	4143
5878	4183
477	2010
8347	7720
6461	7149
3498	3546
5860	3331
9175	7098
6485	9472
6703	7338
2100	2689
5385	4370
6779	7216
1464	778
9578	8135
3454	6121
8113	8820
6881	6880
1458	2074
5441	4200
4688	5465
1628	2449
6364	5507
7712	8947
8874	8187
7018	6958
7188	9076
8383	8632
8440	7720
2001	2212
8675	6867
9162	9663
6070	4991
3367	5478
6006	5034
339	2976
4274	6227
2035	980
2182	1578
1735	414
3511	5238
4722	3717
9573	7353
5808	3941
6321	3508
4510	4097
5950	3697
9147	8572
9054	7838
6685	8886
6436	7061
1812	594
1810	2362
5412	5015
1026	446
6815	7102
973	1517
4576	3584
7555	8170
2034	1883
2624	2458
9500	6839
2873	210
1356	1454
2328	439
2107	1803
8700	8335
3764	4628
4918	5883
3401	5856
10	1016
6518	8743
7547	7274
7440	9027
5360	5591
1717	2591
2966	337
5756	6260
6783	8249
1403	1644
4122	5678
4154	6270
5813	5989
4098	6307
6938	9294
1149	265
468	419
5035	3957
9066	7527
7138	8723
5577	4192
211	2610
678	540
113	3001
6461	6564
3483	6328
4090	4777
3450	3660
4684	5545
8650	7279
1254	2283
4440	4391
5512	4210
9678	6614
8963	6532
7097	9659
6432	8995
6027	5446
5011	5654
6671	8770
5689	5503
4577	3964
7800	6494
7588	7604
4142	3352
8381	8314
8430	9000
8940	8062
4661	3646
6859	7266
3220	5041
262	1730
6630	9397
4366	4506
647	15
6085	3239
1160	1069
6685	9700
8659	8907
6059	5471
4580	3859
8932	6843
5863	6379
3258	4472
1249	2270
4397	5641
8790	8024
3216	5643
2349	15
7374	7141
6162	3837
9458	6635
5872	4710
6729	8452
4189	5294
9179	9171
8358	7628
1517	2061
228	2872
5269	5825
5045	4904
5561	3253
4190	4093
5770	6070
2310	1482
6708	8300
6314	5066
192	1504
5771	3939
4710	5551
5851	4510
1506	502
665	2939
1013	15
4681	4569
4119	5844
8139	7540
6028	4538
8121	8491
669	1037
3608	4798
3505	6211
447	2011
89	476
1083	1656
9127	8770
2129	321
729	1705
6757	6424
9022	9647
5943	6016
4039	5858
4470	5343
2505	2135
7195	7107
1472	2971
8395	8195
236	849
7497	6720
5350	5829
5419	4851
8972	7701
8734	8213
7044	7427
9476	9645
6125	6319
880	511
5015	3361
4397	4576
431	1826
5053	3327
2054	1982
3647	5659
4112	5399
1499	111
2148	1792
1356	2638
6381	3883
2318	876
8626	8100
7308	7261
5730	4895
2	1801
9025	9255
4752	4147
9670	8273
3643	3695
5627	4099
8092	8731
3974	4436
6474	8579
9642	8407
5272	3807
1546	1545
5137	4548
605	2074
1561	1085
84	3051
441	920
7492	7357
9360	8312
9239	8792
8119	9402
329	2011
5627	6227
6937	9360
3046	1280
3232	4268
1342	546
4451	6213
7243	7378
297	1815
6215	3728
6231	4423
57	104
767	2840
7746	9239
7690	8808
8536	8493
96	1716
4344	3590
3389	3788
8831	8496
7176	9458
3918	3539
6402	6516
6445	8573
6754	7277
2317	1693
1013	68
7338	7543
1642	1326
7517	9604
6553	8887
2262	2904
8894	6449
7542	7614
4307	4785
1689	2865
7665	8391
6305	3412
6186	3727
9037	8204
2266	1433
7813	8799
7330	7496
3071	2237
1500	3056
9485	9471
7263	7820
5358	3454
8893	8831
3578	4366
6169	6112
3014	3126
5345	3603
4399	5073
7200	8791
6346	6031
8898	7290
1063	2872
4645	4790
7211	6729
4902	6244
2738	730
2658	1481
4613	4731
6725	7447
7931	9084
2300	2644
856	1325
8780	8596
4949	3439
6271	4155
8267	9242
1532	458
384	3066
2026	1849
3508	4923
5370	3923
6629	6476
229	3128
4949	4293
9446	6734
8737	7019
5981	4234
197	1375
6507	7488
2808	2800
3483	5069
881	1076
1310	2333
1865	483
6868	7415
7598	8903
619	762
58	2265
6566	6482
2405	2781
9361	8372
1280	1097
7005	7041
2963	3174
5281	5410
7913	8987
5881	4961
5594	3771
5186	5627
8836	9487
4311	6291
3915	4134
4393	5999
769	2579
6379	6267
3951	3418
1200	1803
5842	4145
6835	8156
8177	6816
5344	4949
8748	8671
1513	551
6716	7931
8513	9056
4299	3740
4305	3938
9609	7415
9321	7400
2668	2202
5317	3941
5257	4120
4130	4509
3324	4449
1991	2386
247	55
4570	4856
1712	109
8356	8984
9236	8820
9492	7208
3589	5228
479	2819
2468	2324
9635	9305
6932	7106
1269	2753
2684	1838
2941	2241
5678	4107
1452	210
9183	8086
7193	8158
3747	4817
2584	1326
8131	8688
7445	8254
6850	8620
449	858
7492	8655
2149	286
3593	4894
7943	9202
4235	3620
197	2488
3150	1482
1535	2246
3297	3509
3383	3670
7688	7664
7426	6855
6324	3796
323	356
4067	5195
5016	5024
513	1758
5705	5149
7811	9580
8062	8643
3376	4567
3250	6015
486	3121
6729	8132
8527	7970
5697	4680
6567	9334
5372	6291
429	688
6546	8620
4723	4545
1542	2001
9292	9460
7044	9568
9578	8706
7347	7072
5738	3349
583	323
3461	6206
8116	6947
4364	4557
2916	409
5328	6183
3424	5572
8335	8908
2204	1884
3799	5255
6269	5351
9550	9555
6080	4161
7179	8493
8340	6405
9277	6665
9401	8620
6239	4019
9446	7427
8365	8734
4084	4426
8678	8063
8481	9042
1199	468
3525	3603
326	2491
554	1729
4373	3437
4015	5195
2067	1036
6107	6312
3020	2528
2753	1577
35	1884
4169	4579
8287	9242
9030	7562
6774	9560
1937	2048
9162	7135
5163	4413
2778	3133
9320	7073
1902	472
7290	6645
7625	8308
305	2890
298	1465
7376	8105
8906	9426
5153	4513
898	32
7130	7639
2391	2189
2357	485
2580	811
3228	5129
946	2407
8635	8844
5226	6341
4667	4214
6360	4472
2155	3063
2491	2492
9455	7764
2295	861
5722	3922
6011	4379
6027	5255
7371	9407
7003	7375
7898	7733
1993	2471
7010	7496
9294	7243
6510	7755
8020	7575
9532	6893
7525	6572
9322	7172
5266	5945
4429	4620
9579	8273
412	2741
12	730
691	1631
2652	532
6269	4780
5448	4579
4524	3893
6450	8370
92	1956
9408	6614
3559	5410
3129	2492
6280	4978
3227	5126
8991	7604
7424	6510
749	1519
5817	6384
2615	1542
9040	7694
8644	6800
8428	7020
9132	6892
8416	7608
2571	1360
8244	6747
103	452
2659	2497
3547	4909
8478	6736
958	24
9460	6847
9254	7499
2010	1258
8468	6395
3099	1788
5153	3229
3961	3787
7381	8995
4111	5257
5860	4455
1026	2046
6969	6620
6701	7207
2329	1258
2113	2645
5077	4940
7818	7269
4513	3958
3044	15
7834	8158
2252	1545
396	1085
1774	1663
2327	2584
6047	4974
909	1917
3588	6076
3705	4471
4619	4436
8036	9549
5758	3809
6840	6430
6847	8654
1826	900
791	2094
7892	7098
6459	8560
7052	9483
5289	4253
1449	2071
2984	354
2244	2300
8915	6933
7881	9405
5714	4223
1217	1898
5466	4985
6992	8908
6486	7499
7639	7505
1591	1909
526	1477
4849	5399
3241	4648
4481	5006
7751	6423
3833	4449
4570	3647
8227	7931
5291	3431
8368	6843
4337	4996
8799	9678
8973	8453
5794	5487
3945	5293
9675	8377
1348	1208
1664	2455
9135	8402
8467	7329
3524	4436
9662	9641
9271	7235
4395	4131
2171	2138
7560	9102
4161	5959
4699	5711
6538	7061
3695	4147
5693	4238
7723	8816
2782	1278
3244	5604
2646	2291
5042	3578
617	2291
2683	2905
9392	7800
3409	5421
5394	3820
8323	8594
6579	8150
6053	3924
3448	5109
9474	7263
1522	3199
1562	1829
8321	9208
6802	6473
4628	3673
7960	7796
6471	9086
7853	7375
8194	7436
797	1506
9019	8925
1931	364
1131	1522
7198	6615
8212	7019
8539	7312
1177	2287
3010	1388
8422	8069
8059	9274
8445	7666
4575	3567
7287	8650
1008	3135
9471	8019
8036	6786
194	1102
262	2963
3716	6108
7352	8192
1768	586
2453	2621
6204	6354
3879	4361
1977	1320
862	2787
6647	7832
6466	8093
8864	9384
6525	8655
2804	1271
2542	3059
618	466
7289	9255
6839	7026
351	2751
2701	2899
5997	6148
6860	6410
9694	7072
4241	5293
1005	1582
7851	8465
1628	1811
4346	5210
2378	2739
5029	5761
4591	4947
8891	6766
204	2168
1354	3133
6982	8706
1375	1844
7359	9464
4355	5604
9366	6888
3710	3561
1244	2800
7577	7751
8559	8758
6584	8972
1819	2954
1766	1782
854	1945
7107	7484
5850	5554
1065	250
4726	6064
6429	7130
629	2071
4534	5337
71	1140
5429	5474
8517	7882
7657	7044
3534	4930
4261	4580
5766	5444
7624	7317
1576	2679
9339	8306
2804	198
3043	843
923	803
4885	3704
6515	7261
6139	5763
3471	5665
2927	3157
6920	9057
1265	992
8057	8242
2597	2224
8444	8213
7390	8067
8688	6709
783	827
3410	4054
1402	1886
7832	7302
1344	413
4897	4862
2254	1413
60	2010
3286	6145
5312	5831
8183	8158
650	407
5369	3263
2381	2199
9520	7126
85	1158
435	1275
497	2832
8377	9326
5361	4626
2896	2504
2180	1882
3326	4652
1825	110
2017	1320
1791	2427
7492	8067
5621	6120
9001	6869
5582	5193
1519	2921
4283	4456
8344	7260
8068	9700
5019	3990
9655	7375
9243	8593
7678	8223
27	1422
9005	6409
1084	2471
2376	1901
4949	4786
3960	5505
4586	5646
8860	6490
5960	3301
5952	4789
8822	7688
7365	8925
1920	1870
7383	7847
7998	8678
1708	1023
6805	8799
697	851
7249	8307
4496	3292
2703	2241
3275	3418
7977	7261
3143	1678
7710	6705
4307	4923
9546	7714
6641	7490
5896	5742
596	2224
4545	3711
3870	3601
1933	1684
3535	5692
6559	9490
7498	6869
8007	7424
9662	6498
653	369
7447	8493
9115	6493
356	2547
691	2653
1134	1667
8480	8936
8163	8599
8807	9495
2556	2845
6504	9602
5422	5069
9094	7926
9268	9225
1184	977
1033	2811
4553	5069
7853	6423
9648	9548
7043	9609
3356	4755
3927	4230
4432	4978
39	108
6033	3317
6848	8943
8699	8559
866	2570
8955	6565
8613	7687
4139	5241
1366	406
5709	6139
2531	3034
9230	6507
2705	1884
9272	9426
7554	9425
8942	7868
4277	5640
5967	4310
7135	6524
6360	4507
2497	3131
363	741
4753	6273
9167	8892
658	1693
8937	6968
6729	6767
2764	1770
8370	8136
2648	1129
2575	850
1566	3001
1296	1249
7865	8691
7212	6470
4962	3456
3740	4668
630	1280
243	2010
5700	4244
1425	1023
4802	6026
5335	4118
299	413
3081	1355
1434	1454
7667	9090
953	2280
4929	5228
83	1344
5459	5768
6448	8818
2456	661
6871	7286
6935	6864
7438	7535
8704	9487
5494	4075
3495	3809
8323	8493
4356	6311
8671	8515
7611	6712
5627	5237
5267	6321
7112	6946
3597	4054
5618	4255
3030	835
921	1694
2122	486
3670	5763
607	2538
7066	6537
3085	2502
1700	1080
9641	6742
4456	3225
1363	2508
3618	5039
4868	4079
6827	6762
4678	4909
5001	5551
1562	2655
2177	1154
4255	5709
4034	6044
3582	3882
1097	104
832	92
7399	7604
9295	8496
2278	1327
1514	354
3408	5124
304	2279
8680	9090
7363	7947
3096	1703
407	1408
4410	3263
2891	1405
3124	1248
6456	7543
5808	5809
1603	1435
6123	3858
877	730
7666	6902
6504	8982
6418	8781
4126	4660
889	2087
3151	1365
8039	9096
797	2991
1553	1990
1999	206
7406	7050
322	2287
2477	901
5315	3882
4542	6059
2539	1936
4205	6169
4818	6321
9182	8555
5501	4932
9397	6533
9710	7098
628	805
1646	349
8701	7503
3489	4366
4806	5338
6993	9361
4393	4285
8024	6884
2783	3079
821	827
4772	3705
537	2903
4302	3217
6735	6785
2695	1094
8892	6564
7552	9402
7860	8126
4154	4322
7456	9305
8273	6569
9153	8984
3921	4484
7915	7040
9277	9583
7050	9034
5297	4366
860	613
2901	2840
1818	770
271	204
7524	9423
5171	5644
2155	1454
650	2875
2717	1400
7035	7513
2150	2888
1152	3001
2929	1478
4226	3524
1278	2791
7891	7733
194	2256
6316	3506
7262	7856
4403	6308
7113	7708
105	2648
5414	5471
8166	6405
9599	7019
8480	7543
9135	7497
3241	4514
652	1157
5375	3242
2510	1044
6675	8970
8572	6622
2665	64
4109	5525
7585	7606
8738	7023
6491	6621
4275	5133
3100	1758
8697	6691
1742	239
8950	9243
7557	8748
4375	4779
7616	9569
8113	9539
2267	2548
1337	867
3897	3481
7819	7519
6780	7202
7996	7791
7131	7243
5255	3361
6914	9656
7207	8450
2555	311
9072	7262
9350	9663
1087	2450
4333	5234
6303	3686
6203	3882
5245	6221
2854	1964
5651	5191
4076	5707
1920	2320
935	3074
766	2894
7794	9296
5385	3317
1060	502
2552	907
9466	8971
8573	8694
8673	6572
8991	8945
7126	7021
5732	4984
106	1366
3738	3742
6785	6932
1698	2329
3902	4453
4523	5368
2896	2456
989	1112
3975	4809
8713	8216
7865	8864
8254	8098
5491	3776
1733	439
2173	805
2942	1883
5853	5195
2650	131
5287	5701
4934	5719
123	2705
804	1693
73	1273
8554	8157
6236	5072
5376	6257
1889	2669
5772	4508
6652	8659
755	1347
8622	9090
3594	6293
2505	900
3157	1981
6587	6860
8678	8346
3132	1707
35	2248
6647	8971
8533	9309
7180	7261
1592	2838
3813	3247
1816	2317
5607	5774
6081	4579
5681	3807
3263	6183
500	1293
5210	4216
4646	6017
6090	3227
2316	2789
6277	5494
6732	8145
5137	6328
1100	466
7089	6528
9514	9062
1269	2687
7845	7666
7885	9470
1764	1482
4021	5232
5681	5674
6994	8408
668	2063
4472	3885
6306	4991
1409	100
425	616
5828	4167
2208	2205
5150	4970
6199	5223
3671	3893
1458	697
5561	6181
1526	1016
2696	2865
8703	8667
352	2262
5771	4930
620	2706
3187	479
5431	3609
6674	7733
8570	8848
6092	4027
6160	3798
3016	2715
3408	4350
1871	2616
7988	6587
4254	4981
3376	4244
6211	4841
9131	7567
6963	7913
5144	5505
7476	7512
135	2846
9466	6492
1927	1925
3683	5502
2892	2840
9665	6901
405	1087
450	476
8037	9052
1212	3129
9624	8195
5368	4701
313	1884
5404	4087
2554	1440
7123	8971
1250	2169
6852	7019
8665	7043
8028	9295
9190	8269
2803	2151
9119	6794
343	1514
700	581
5504	6010
9665	7641
863	1019
2636	803
2233	604
8249	8956
7216	7302
9205	9529
7965	8947
3457	5369
4698	5925
2759	2470
2178	937
3331	5196
6230	5447
1289	1519
652	2492
3335	4436
304	1577
8186	9239
8379	8242
424	852
5111	5167
4775	4879
4872	3612
3921	4456
9645	6462
9312	8223
2881	2532
640	1793
5079	5510
6347	3332
3427	3274
1423	2962
6036	3477
8337	7301
311	792
8476	9425
8944	7098
1143	688
7535	8894
5598	5757
3964	5692
3027	1931
1979	407
5386	4293
3943	6384
8179	8371
1997	439
3256	4459
8525	9288
7157	8025
5388	6137
1987	2453
4725	3320
2318	1693
2918	2967
5845	6145
8602	7623
6876	7345
54	1125
2296	2490
1370	1760
2818	1128
3417	6247
3427	5835
3910	5534
5135	5681
3107	1460
8882	8943
746	1408
2150	15
5095	3931
3754	4285
6523	8313
2665	1763
4045	6189
5998	3737
4485	4061
937	650
3021	2804
1002	1201
2258	1325
8001	8365
6305	4189
1867	541
8745	6649
2816	2427
698	3161
4654	4888
1470	1102
44	3073
9467	8595
7868	7503
1313	963
3521	3747
1866	1018
2628	1248
6399	9495
1811	748
964	2396
4476	4538
4865	3647
853	688
1200	1913
4236	4008
7052	6974
4119	6306
8841	6785
2957	749
3045	2224
8857	8127
1541	2848
5630	4183
1319	1112
1387	15
9409	7065
8398	7473
1697	362
5548	5505
8528	6583
4368	4768
4580	5343
83	1519
8182	9348
9393	8430
1026	2852
8103	7022
5816	3830
8649	8645
2826	1028
3553	5567
2457	2440
7479	8667
9477	9136
6505	9056
8911	6997
5172	4515
1049	1358
8652	8859
1962	955
6946	9492
9211	9034
800	1506
7163	8201
112	817
3349	4617
5279	4483
2796	1102
2634	1795
7057	7621
7048	6478
4313	3848
2872	881
5681	6371
4520	4348
1458	1460
5595	4358
5645	6273
2326	819
5451	5088
5619	3885
4610	4277
6572	7458
4982	6135
8101	9009
6017	4118
4119	4921
4534	6379
2746	1499
9433	8846
2372	442
6343	4991
2675	1798
5324	6087
8884	7967
1579	2738
1877	1566
7847	8743
6385	5649
9432	9239
4732	3735
8255	9111
7603	8651
3034	1076
986	2008
1341	22
2300	431
2567	50
8098	6892
7680	8844
4248	4288
2886	1063
8600	7424
4315	6048
4193	5999
9023	7103
5388	3315
2866	1100
5098	3328
7900	9245
965	3080
191	2488
2494	365
2571	2755
995	2336
6028	4877
212	174
1582	2793
2361	66
3207	2347
2297	1102
5350	6156
8643	7326
6110	5556
8365	9078
3583	3578
5174	4723
6341	6175
21	1663
8340	8691
652	851
2635	3149
5912	4731
3753	3490
9273	8859
9666	9561
5860	3442
8693	6477
6441	8133
9560	6723
8020	8743
452	701
7877	6494
2039	1455
3161	861
7000	9682
7193	6677
8362	9189
3366	3928
6854	9631
3406	4939
1649	2834
4110	3775
1698	2745
6446	8809
1739	2755
220	3148
1873	2516
9211	7689
965	2390
7629	7261
6433	7679
2104	1265
3875	6025
6807	6706
7807	8977
4377	4527
8871	8709
436	2246
6488	6429
4567	4987
6639	7211
6316	5692
8587	8791
2975	387
3090	2833
4128	5054
6301	5002
5972	4923
5795	4901
6011	3343
3759	4279
6099	4994
927	2851
332	1482
7338	7595
804	1282
1714	1424
6682	8453
6868	8868
1687	1736
8655	8116
614	203
5691	5142
1914	102
9512	8246
2555	3061
7602	9471
2408	826
6353	6247
1392	2512
2914	1482
98	667
1441	725
9296	8318
9017	8472
8543	7255
4033	5199
1974	2640
1703	306
1314	647
1250	1702
496	2621
6928	8195
5126	6282
7580	9081
6248	5755
8420	8496
9592	8242
7782	6886
6685	9090
5457	6266
4100	4305
7941	7880
5253	3565
7938	8112
9628	6715
6763	7356
7900	7667
5191	6187
2344	1495
7238	7206
7215	9163
7998	8636
7393	9396
9267	6665
6987	9629
4873	4170
5622	4238
5129	5511
7893	7053
8851	9055
9402	6840
4152	3755
9496	7708
7577	6761
7880	9548
5339	5858
5521	4785
3194	1189
7594	7260
2732	3005
1079	2088
6161	4614
5977	5109
6340	4607
1772	1225
5084	5841
5499	4437
6907	6715
8468	8650
9215	6620
4311	4729
2703	2701
7975	9240
9301	9030
6864	6572
6114	5351
1327	662
8673	8501
8980	8185
1794	662
9573	8977
2820	1994
4325	4188
3812	6300
884	1201
4502	3813
7492	9469
3329	6352
7616	8345
8022	7636
5380	5378
2969	1445
5199	4895
4980	4699
3721	4063
2808	2716
2835	2200
2043	1844
5315	3338
7126	9506
6327	3502
8554	7876
2698	551
4764	3699
4979	4797
74	1510
5674	3406
735	550
2826	857
675	993
6608	7543
8230	7735
780	1844
5352	3431
3523	4924
3743	3414
5795	5525
9082	9097
767	1556
4942	6047
6865	6960
6845	8637
5566	5580
4625	5545
2287	1451
366	1370
1693	2500
4849	4508
2463	96
8118	7094
8219	7735
740	979
1944	295
9612	6929
1396	2071
6375	3544
1233	829
6365	4997
5670	5841
4171	3987
2192	1073
5822	5578
6444	8968
1667	141
5912	6070
4277	5160
8195	6840
6966	8723
1016	832
1990	15
8067	8971
7756	9495
7138	8645
2702	2040
2512	2999
5965	3684
7488	7858
7641	7197
6341	3800
8971	9302
6855	8935
6016	4748
3641	3650
5821	6183
5477	3811
4507	5564
1664	1071
5771	4529
6529	8210
9173	7415
1389	1318
8200	7690
3691	3866
6553	6951
6207	6156
3395	6311
9502	8691
3832	3830
6158	6307
3193	2103
2731	3200
500	2094
8262	6960
6505	9656
6499	9300
5424	3747
6511	7624
3204	3061
3044	2592
1563	3197
6359	4538
5357	5545
7960	7991
9097	6709
8705	8081
6238	4060
8580	8444
7920	6766
4954	4515
6018	3365
1350	539
6460	7690
8869	7570
1504	1502
228	690
1843	3083
4420	4268
4277	5256
2162	1925
6406	8967
592	866
6053	4217
4978	6007
360	2212
47	821
9133	9255
3149	547
3754	3544
2501	336
8904	7806
5002	5337
4669	4433
5920	4430
3573	4050
3597	4626
4693	3809
6094	5800
378	855
3535	3526
8053	7882
1498	1327
6354	5933
8971	7441
4892	6007
1093	2763
9405	8493
6961	8531
2521	747
2425	990
3312	3786
3237	5801
8551	7094
1150	2505
9511	8232
3941	3788
9053	8063
6431	6889
2624	196
6313	5091
2249	878
6229	5879
2296	649
2894	760
3932	6015
710	1039
7191	6993
5784	5034
2181	2840
5043	5882
7382	9708
1713	2502
366	2151
8521	8152
8750	8562
5711	5901
6335	4019
4813	3481
7240	8596
5479	3735
907	1179
1073	2465
1241	2836
511	1028
7068	9029
2398	634
8731	8280
4362	4053
9067	9518
9226	8452
2017	1827
4103	4214
2074	2745
8616	8778
1090	142
3510	3790
2232	2642
5270	3253
469	2651
4834	6336
2663	1792
6886	8045
6103	5756
5947	4036
8622	7922
4865	4592
890	889
2035	1638
6549	7926
1898	687
7320	9401
8861	8356
1491	233
2507	2464
3661	6145
5592	5451
8667	7693
1959	1050
992	1966
9307	9241
452	1024
4664	3431
7013	6956
9429	9431
8583	6728
9389	6578
5329	5327
1287	2417
5205	4419
4828	4751
3675	4057
1512	1265
1094	2459
2280	15
3943	4509
4767	5099
7833	9486
7843	9224
7007	6880
4633	3565
1177	2594
769	1729
6281	4268
3757	3859
4801	5088
6065	4503
723	186
9068	8315
817	181
4432	3361
2846	797
9158	9143
7215	7327
3393	4923
156	1016
7616	6791
7603	6839
7238	7496
8450	8903
1801	465
6563	6858
64	1799
1790	1402
9646	9543
6345	4054
5627	5002
4205	4173
8775	7277
3577	4014
4409	3789
8209	8701
4904	4634
7190	7628
9179	9277
5608	4641
3244	5073
3944	4685
2491	138
5647	6079
1810	2362
3795	4923
7050	9118
6557	6490
2814	1870
2622	1247
8936	9606
4427	3967
5981	4277
9166	9593
231	486
8659	7726
9429	8400
211	345
7172	6720
80	604
7629	7613
862	1883
3651	3436
1486	3055
6504	8702
8852	7241
4240	5856
1025	610
5950	4766
6810	7265
252	2655
7972	9271
985	2095
6762	8422
7628	8694
5927	6273
6230	3415
3657	5911
6516	9391
3936	4923
1409	730
7429	6778
9207	6685
4168	5847
5487	6354
1039	1913
6790	6501
5333	3458
1827	2212
3100	321
1992	2491
4268	3537
787	1063
1674	8
6366	3481
4131	6059
7141	9380
1689	2694
7006	8996
5493	4720
1896	1321
8005	7224
3337	4994
1397	1952
8977	8648
3701	4175
4817	4573
8354	8733
6905	8691
6806	7019
1810	2068
3232	3561
8919	7732
7471	9530
1290	1224
3200	1265
6878	8067
8089	7436
1616	1785
7811	8158
4185	3878
1414	1345
5100	4842
2490	888
9572	8972
6407	9570
5085	3549
3279	5720
4839	5919
6558	9677
7326	8081
2664	192
3454	3462
9401	6572
8250	8195
6410	7667
6858	6582
8038	8178
6335	5590
3579	4985
1062	2579
3533	4057
4375	5002
1026	794
5663	4579
891	3001
672	2862
206	2261
8558	8229
438	2890
4994	3675
8248	7604
4114	6048
1800	1028
6662	8453
1699	392
3328	5378
4420	3602
2169	364
5238	5080
4198	5857
9516	7968
4129	4145
2450	1988
8142	8301
5392	4690
9099	8943
666	416
7842	7827
4967	5229
2846	959
4029	5637
895	476
3562	5673
1208	1274
3405	4277
791	1225
8686	8192
2333	1038
7221	7847
5656	3548
4420	3608
7208	7317
1991	1024
3522	4991
1232	1901
4909	5019
1366	2768
4980	3754
203	1481
9506	9487
3533	6234
6187	5191
8357	7013
9260	8257
1403	2826
8324	7038
4854	4915
8890	9500
7676	6494
9576	7772
4622	3885
1011	2639
6872	8815
5096	5058
5866	6047
1413	935
7177	8681
6349	5865
7142	7734
5127	3597
3569	6172
9546	9606
197	698
1351	2715
8958	6761
1958	3001
3360	3636
6144	6257
651	2504
4741	3389
6596	9586
6443	7195
1431	653
1663	1358
1298	2910
896	3150
3793	4701
4104	5238
9472	7753
7634	7806
3999	6360
1095	599
2518	2119
7027	7701
9029	8452
7574	6558
6916	8995
7532	8667
684	1808
1390	2355
5850	4806
4830	3626
7632	8436
1081	1273
5789	4481
3854	6059
555	1413
6730	6778
4342	5092
1087	2793
5524	3380
2874	806
6076	4183
9567	7670
6756	7404
9455	9004
5773	4324
6173	4643
7472	9234
5827	5296
2805	86
8431	7019
2005	2332
6157	4061
7906	6960
1392	902
2700	2122
2974	1495
4181	5627
8483	9662
2326	2260
8366	6572
5617	6352
6384	6134
2653	2090
1035	808
3773	5511
2853	2646
9041	8449
8614	8895
1865	341
7665	7131
8149	7140
5035	3544
4087	6045
1305	2224
6974	9663
7663	7098
7086	7498
2035	277
8621	7040
5138	3790
315	2257
5838	4538
1116	806
523	463
30	2589
2874	2634
3451	3383
8303	9208
5150	4804
5410	3831
6468	8521
3644	4416
5313	4963
1334	2810
5286	4208
8831	9472
8725	8512
8442	8596
2833	511
6721	8644
7766	7725
1968	2840
416	2151
696	2766
1684	3189
2424	210
3526	3804
9360	6888
5414	3526
5488	5937
9111	7992
7610	7704
2032	370
5258	6003
1121	2072
8470	8305
3089	2071
4709	4742
314	2928
7593	7991
9316	7149
7686	7703
8741	9157
2799	1092
4964	3999
5536	3538
3876	4769
7747	9708
7321	8452
3801	5346
5953	6267
5574	4402
6885	6843
1847	1482
7270	7415
827	633
2024	1615
8673	8597
5731	6059
8047	9539
3690	3940
2868	1574
8795	6446
3472	4698
4302	3225
2057	2301
3452	4508
2278	1392
895	3051
1588	39
6402	8595
4090	4301
5112	4145
7130	9408
9283	8166
1117	615
3563	3561
7450	8922
8711	8724
2325	2106
7295	9595
9620	8284
9229	7385
340	1591
3384	4029
279	2107
2900	1793
6558	6576
7439	9162
8390	7482
457	87
7093	6635
9125	6947
7780	7207
8595	7688
806	1500
3211	3301
4998	4668
1785	3023
8952	6529
5244	3601
6632	6405
3620	5045
9254	9148
8937	8859
6844	9225
4194	3926
584	3198
3795	4696
1362	2512
1053	142
4101	4073
6038	5999
4578	3363
5614	4785
9671	6436
8681	7484
1019	321
7977	7134
2954	2132
4654	3570
182	998
5338	5073
4205	4984
4787	3305
4012	5021
8687	7881
7238	8320
6045	5473
3169	2182
8665	8911
5673	3601
3344	5338
9190	8362
4876	3642
4395	6319
6028	5279
2620	304
4189	6184
5247	4542
6245	3692
7126	7261
8490	7223
2822	2795
2485	356
6017	6095
4953	3403
3353	3619
1057	2506
4884	3357
211	1076
5809	4229
2166	2657
3958	6175
2363	649
1411	598
6008	3823
40	1428
3846	4476
8716	8421
528	104
3694	3267
4106	3254
2124	1691
5	2285
7646	9109
2314	720
6770	8402
1800	2441
5424	5701
1836	1060
5989	3996
8625	8273
267	2730
4456	5552
5746	4470
5536	5124
8760	9107
5354	3777
6364	4609
7744	8014
5151	4836
3496	5057
3362	3755
8375	9332
1780	1513
4351	3742
7424	7543
1337	730
6130	4777
9014	9097
5765	4857
3599	3801
8550	9285
8440	7847
3926	4485
814	2702
1939	607
2510	1503
7774	8998
1898	141
2962	3066
7775	9347
8546	7583
6987	6401
8256	8520
5386	5925
9424	7061
4766	5410
5482	4766
4414	5197
6376	4509
3560	3418
9256	9699
7559	8093
1905	2053
9449	9567
9306	9495
6724	7179
1393	857
8500	6479
9361	9710
8888	9330
8836	9495
6292	4002
1574	2868
6266	4050
1605	1011
31	1433
6180	4430
3710	3645
2659	1514
9330	8037
7007	8437
5609	5692
6686	7818
6177	5510
753	167
9172	9241
7722	9094
2265	2279
9566	8903
3716	5676
8373	9248
333	1279
5528	5006
7122	7883
7972	8338
5708	6306
8428	9132
3300	5465
6295	5104
8830	6488
2622	835
8079	6723
1017	3001
4133	3957
2653	2647
6240	6040
1912	3001
5083	5801
9400	6405
1771	228
8676	7960
716	1317
3114	2248
8335	7689
4346	5210
3148	3001
7721	9056
7101	7230
9253	9545
6354	5343
5362	4332
1120	1355
697	926
5128	5975
4890	5017
325	1328
6108	4425
6160	5336
4720	4268
2096	1851
9329	8648
8549	7499
1278	2766
9691	6892
5169	3366
2307	442
9639	7390
7379	8745
434	606
2452	1332
5159	4456
1937	486
863	1366
3055	990
397	653
9364	7745
5043	3250
2336	101
3600	4467
2525	535
7543	9056
3209	2620
1422	629
5097	3501
3668	5925
8299	9710
5391	5772
6002	3635
8376	7517
3583	3752
4805	5257
5086	5625
577	1327
7496	9426
8827	6765
6543	7920
8686	9591
3049	896
1778	419
4125	3294
4931	5789
7643	8171
7923	7280
6928	6405
4757	5088
708	1884
5665	6121
8305	8786
7101	7230
5331	3761
5990	4513
3996	4665
9155	6563
7087	8940
3139	2312
5919	5117
1845	2051
877	698
7954	7290
2432	1459
4818	4147
8149	6766
8729	6635
454	2468
728	900
1096	357
6495	8497
8640	7919
1609	357
8586	8739
6075	4607
8536	7971
1131	30
5676	5535
6521	7725
8171	8911
5303	3957
9645	9543
4330	4360
2081	75
5849	3590
645	365
7966	8791
6245	4067
4283	6239
8293	7953
6191	3771
3466	3807
5092	5228
9543	8816
3511	3533
2476	2398
9280	7108
8620	8364
8065	6781
4109	5227
9273	7735
1641	1403
4235	4268
595	467
7358	6644
2193	1511
3450	3957
2079	626
9198	9339
3680	3211
9622	8613
1983	977
876	2813
2514	690
2018	2875
152	2069
2242	957
6972	8119
986	827
1237	2107
4900	6107
5304	3810
2708	551
8846	9631
8778	6473
5645	4581
8963	9386
363	724
6536	8278
2933	110
4912	6017
1943	1503
3290	3956
9279	7503
7182	8625
7131	8453
1186	1205
1068	831
2773	2766
43	2739
2851	3151
3967	5399
8745	7406
8424	9560
3411	5283
7499	7747
5459	5700
2293	2148
736	1941
4615	5998
698	1075
6371	4520
5687	5688
5727	5856
5076	6232
1418	2355
9340	7932
7115	9333
5367	5443
4109	6183
5909	4785
9548	7676
1706	2224
9104	6843
411	1325
7585	7729
8125	8728
5358	5666
2190	972
2238	2056
2901	2706
3098	355
5691	4807
7189	7188
1241	452
2750	625
3689	5733
212	524
6196	5154
3658	3290
5555	4348
8173	7322
1309	751
9697	7375
8542	8724
5270	5433
6337	5119
9084	7632
4621	5336
5590	5195
987	2354
3139	2218
1418	1909
6709	9383
5222	3510
4286	5948
1081	749
6185	3865
8980	9378
4892	5751
4810	4553
1137	2649
8729	7019
8821	9447
1118	376
4392	3627
7803	7290
9009	7906
2704	336
8898	7832
9652	8703
1440	892
1713	913
377	2516
6387	4293
2069	812
9317	9500
2170	2529
1694	2659
8655	6886
8092	7977
5481	5412
9166	7733
6149	3855
9485	6892
2001	469
9239	9011
7887	9344
5782	5238
7677	8667
7974	8691
5027	3507
5594	6325
5351	4377
2370	1343
8371	8850
4773	6134
3229	4025
6122	3302
9491	7918
3480	3833
6009	4058
3682	3567
5228	4651
1794	1266
8730	8314
7070	8551
4662	4511
2967	2721
2344	923
4321	6057
3023	1357
9462	7278
3121	102
186	1016
7960	6528
2914	1327
7832	8589
3114	1565
4278	5694
3687	4090
3165	2046
2318	2279
8778	7772
8568	8888
9069	6874
4021	5716
3598	4613
2181	1989
1724	863
7619	8212
4917	3253
1777	2596
5758	3431
83	2191
3404	5253
7836	7498
1963	1612
8559	6886
1274	2867
5160	5777
1772	212
6551	8158
4221	3407
3778	3900
4244	3604
6234	3675
1128	1366
393	1500
2861	871
3998	4053
107	2046
9139	9342
4519	6158
3760	3776
7305	8903
5399	6017
8887	7998
1154	1309
507	1280
2829	2074
3397	4378
808	1107
1979	967
6525	8947
8734	8335
9	803
8746	8669
8562	8610
7353	7020
4660	5544
1503	959
8224	8595
8464	7801
4774	5514
6065	5139
2258	2733
1542	236
3090	675
7050	7818
6151	5569
1562	2603
7068	7357
5323	3247
1241	178
3546	3768
1857	736
6762	9282
9552	7677
1371	142
8113	9128
7938	8605
7697	8618
280	1756
8514	6457
9233	6720
5472	4551
1144	3084
8402	7589
2732	539
4338	5882
2848	1577
5428	5034
8231	7983
8769	7463
1170	1811
9416	8980
5744	5763
5788	3885
883	1595
7597	6423
4038	3941
1841	466
1018	2894
1228	2251
9318	8860
6136	5235
4543	5255
962	889
4068	4660
3987	5142
7934	8190
4090	4415
1667	1883
8403	7267
160	2312
1953	2087
794	3135
4234	3647
7990	7604
5633	5151
5147	4173
6109	3753
226	1224
3180	2047
6766	8753
1782	947
4453	6175
6527	7073
2308	430
7518	8453
9543	7675
9347	9305
6833	9303
2904	1559
7456	7375
5602	5580
9600	9040
8021	9402
1978	1230
4038	3300
7168	9065
4156	5729
3993	3239
2233	177
7240	7766
9004	8434
2641	3156
1552	1187
1946	861
7055	8724
3129	2903
8623	8510
8070	9495
7427	9649
2870	1266
447	664
1842	1121
2592	607
2735	1016
1079	1437
7159	7014
1331	236
6636	8014
6757	7400
6256	5376
9378	7949
112	465
3035	3151
4545	5925
3359	5597
5381	5743
217	2385
6705	8451
6138	5681
5468	6291
2877	816
2403	236
8341	7733
2335	44
8529	7234
168	2812
6147	4378
8216	6888
6337	6053
33	32
6391	8004
6527	8276
4918	3569
6730	7745
2998	2715
634	990
8588	6744
6312	5809
444	2724
4115	3253
8969	9610
3884	4905
8375	6402
1642	1147
7676	8200
6239	4672
716	302
5542	5239
657	1919
9540	8329
4062	3574
3198	1232
6941	7263
6416	8045
9592	7104
7811	7076
9533	8213
8168	6991
2834	2506
8593	7131
3643	4929
5339	3885
4449	5301
177	365
4	2130
2860	916
3837	3832
355	607
8996	6952
1605	277
6	2130
164	3001
6845	8596
3006	3032
9065	6888
1679	83
4418	4455
7485	6985
5484	4565
2632	104
6857	7435
5948	3412
6640	9137
5700	5438
781	859
7896	7251
9468	7678
4396	3939
4179	5384
2871	1638
7479	8574
933	295
9512	9031
6972	6449
2049	642
4712	4672
1787	468
4982	5659
7848	8800
3967	3893
5822	5107
1006	858
4677	3763
4833	3225
3732	5738
2821	2126
6213	4935
5030	3993
9291	8998
457	788
2448	2416
8002	6770
2606	889
8849	8203
4091	3537
3516	5004
6935	7589
4678	4517
4540	5978
8802	7474
4756	5253
7263	6720
9638	7473
1491	2578
6027	3417
4526	3568
2135	649
8822	8644
9050	7224
6072	3374
8976	8496
5634	3809
9266	7608
360	2357
6748	6754
818	897
8497	8879
3512	4325
470	1386
3995	3807
6609	7003
1556	720
1758	3116
5478	5034
2271	1172
1377	1100
5317	6266
8865	8038
6142	4560
6015	3225
9715	7990
43	749
4473	4350
2037	2054
2449	2439
9497	7019
6018	3431
2026	1100
9186	6587
2926	2770
5203	4396
563	1553
7316	8729
4061	4693
8406	8308
4453	6316
7488	7261
83	1248
3113	402
5431	5713
7242	8178
129	223
6953	8159
7308	7261
2991	1847
8655	6811
5585	5404
4651	6303
7731	7098
9603	7899
488	509
1301	1646
7033	9499
2161	2324
5789	3828
7395	7097
4445	4268
6404	8158
8302	6478
1566	858
4458	4730
4604	5264
1505	1102
8745	7948
6970	6530
5460	4282
6009	4613
2649	1102
4363	4894
3486	5614
6085	3711
7245	9303
7464	8025
4603	5447
9427	7686
7661	6855
2064	295
7620	9231
8238	6983
6579	6493
7074	8606
2879	162
9557	9129
1793	261
2159	316
1303	1164
8311	6566
9515	8287
8897	7936
4591	4075
3949	3622
791	251
4198	4829
3662	5918
7208	8729
4814	6177
1312	1077
8498	7229
6408	8780
2007	210
6108	5044
2630	2999
5678	3884
680	1589
9331	7847
2761	1419
2917	653
4155	5224
3304	5583
4515	3761
6771	7312
8348	9095
7839	7753
8535	8667
533	1357
1680	2492
4235	5468
7676	8626
3614	3253
6963	8976
2529	614
3828	4094
3726	5199
6430	9235
2582	1321
934	895
4196	6064
6113	5227
8575	7687
1449	336
6229	3568
4979	3653
6324	4834
8762	6813
5090	4391
1520	1028
8534	9525
8323	7067
5616	5490
441	2899
573	1482
7555	7421
8528	7036
8367	7773
5181	4973
6717	8605
6709	8627
7746	6422
5449	5120
3075	181
706	1734
919	2363
2152	1143
6731	8280
867	1665
954	729
2311	3078
311	1065
3514	4737
7805	8273
2593	2215
8026	7667
1394	2870
2983	509
546	1326
5296	5410
1704	1399
7317	7326
5317	3693
7047	8615
3779	5239
2742	2438
7776	7104
1146	1743
2691	2822
646	634
7990	8259
2035	206
496	3109
7622	6748
6055	5947
8614	9550
3749	4114
4337	6258
7527	7051
5703	4547
402	399
8155	6911
8074	9407
8781	7876
3895	3647
8313	8249
2641	168
4068	3943
6014	4008
4424	6086
4074	3807
8741	7628
9662	9506
158	1070
3730	3253
2126	1884
5638	5548
2166	2937
4433	3442
3808	3471
3676	3416
2330	1219
6099	4021
4356	3225
4411	4114
1398	2182
2390	3083
8201	7012
4610	4508
2343	280
2183	897
1527	1162
3134	2386
7728	7415
3709	4685
6588	9611
235	3196
2687	265
1473	2199
5215	6183
2236	1577
5061	3544
5048	5200
6259	4324
1182	3107
8408	8946
1137	1172
8686	7533
9557	7261
2514	778
9270	6683
81	977
6070	3884
7473	7415
7243	8493
4202	5703
60	3001
993	363
5806	4181
3689	4392
3860	3832
4615	5423
757	2841
3877	4924
6299	6230
3898	6183
1948	2198
8678	6748
2581	2087
8207	7744
3169	2480
9202	8894
8981	8964
8683	7269
3454	3832
277	112
9419	7162
6479	8710
395	2237
8067	6534
4676	3647
7779	7731
2038	2768
4868	5986
5788	4987
1613	2081
7174	8270
2672	243
2091	2480
9623	8772
8911	7329
3509	5461
5345	5177
5703	4187
4848	5605
610	730
3246	3553
246	2864
4387	3996
2434	2755
9419	8594
2028	1839
7358	9234
5533	5531
2115	1542
3337	6352
500	325
1101	465
4795	3377
4432	5528
791	3156
3278	4238
7413	8838
4177	4219
515	342
5294	3668
6492	6621
83	2897
8201	8014
5575	3893
4011	5345
9422	6614
6602	6596
7401	8286
1135	1392
2276	490
445	2957
6001	3693
4548	4780
3349	6081
3616	4114
5612	4883
4127	5556
4090	5259
3075	1519
2580	2768
4392	6257
2675	500
6593	8667
6466	7786
2799	844
7264	6698
3205	186
438	2087
4694	5747
3259	5902
8377	6789
4446	5138
9500	6754
4666	5034
5157	4920
3331	4455
8554	9310
7432	8580
3800	5067
8688	9136
4131	4000
8576	6552
1539	2081
1267	946
2169	667
2777	1248
7012	7131
4567	5442
2662	550
7248	9191
6870	7329
5088	6341
8160	8065
1300	2406
6596	8202
3033	1395
6936	8577
4935	5931
34	1059
761	15
9160	9638
4355	5466
6571	8517
7018	8370
4077	5715
8062	8976
3932	4055
2682	30
5568	5039
1287	1964
6307	4993
7375	8178
3876	5006
2794	2656
3499	4348
939	2782
4353	5360
388	649
9705	9394
540	1719
7382	6765
7087	7572
6982	7847
5630	3807
8815	6468
8119	7820
237	990
1795	465
7	607
7747	6481
8012	8045
9358	7169
5458	3663
7370	7002
3221	5073
483	70
973	2977
5939	5072
9071	9056
3579	5431
6941	7012
2129	1102
9228	9663
834	3051
244	539
3313	6364
8055	7300
6336	4888
9389	9464
1430	1728
7722	7304
7274	7725
4373	5198
3737	5291
1497	1241
7338	9450
7817	8317
8751	8594
34	1947
8712	6682
9066	8976
2729	428
2994	2610
5207	3672
8948	9338
4040	6183
5165	6310
2070	429
1156	1231
7635	9447
5818	3706
7465	8043
137	1454
9151	7920
9153	8926
448	422
6034	4348
6829	7415
2490	1328
5663	5592
3720	4057
2425	2488
7	2436
9618	7436
944	2574
4250	3321
4241	4329
5342	3557
6723	9289
5812	3823
7007	8596
4505	4424
9416	8797
5485	4075
3692	4788
4577	4777
275	2320
9681	8978
7817	6937
632	44
6216	4643
2862	3151
2125	3203
3698	4234
2935	2872
7919	9464
563	1087
3528	6035
9236	9056
6912	9525
9508	8615
6705	7357
7057	7639
2918	1328
572	3038
9214	7298
2795	2401
4914	5958
9261	8778
5660	5434
9057	8749
404	823
7339	6664
194	900
9081	6472
2199	1143
4829	4549
3730	5198
2706	3077
2286	615
969	2326
1085	790
5991	4147
3542	5711
8657	9118
3403	4991
7049	6853
7486	8254
5243	4062
3204	1293
688	2107
3611	4103
8032	8903
7093	9070
2935	595
3461	3646
2246	2248
2540	2499
9671	8758
5307	5547
2136	1229
8810	7424
6346	4210
27	2710
5800	3298
4068	5123
5282	4289
5917	6288
1941	1781
3554	4535
1107	998
3813	4547
5153	5343
4570	5860
2926	1522
1369	1782
6837	6889
737	2810
3757	4750
4349	4527
6144	5039
634	3152
1011	2422
5196	5058
5403	6183
1916	2759
4381	5750
8025	9358
9332	7550
7609	7304
3110	1326
9087	6533
2626	1280
960	3076
1639	592
8761	7646
6335	4215
7430	8453
101	758
51	1016
263	1994
46	199
5641	5469
1227	3162
2660	980
8863	9037
8393	8521
4103	4118
859	1081
4338	3565
6108	5928
730	61
8179	7988
8243	9255
6165	5950
837	411
7844	7041
7379	7808
5940	5114
1983	1887
9408	9341
8555	8278
3415	4288
7312	9682
1977	2148
5466	5224
1839	1998
8628	7290
4231	4286
9257	8613
2025	3113
6105	5824
246	1028
4180	5747
4169	4764
5789	3809
7453	8800
1739	1803
4706	3789
8173	9394
4829	4455
2454	2647
9396	6436
8859	6862
7414	8712
7230	8906
3566	3507
4158	3876
2952	3171
8974	6423
3544	4038
9322	6754
3528	3735
5795	4987
5453	5065
350	2268
9554	7879
776	2938
6556	6831
2176	2363
3275	3675
7950	7108
1512	2715
6142	5852
8916	8454
4148	4910
242	3096
7962	9339
1761	57
3477	5088
1808	1132
6549	9449
506	678
776	1459
5552	3524
9333	6791
8190	7562
822	1982
7817	8168
5021	4788
8262	8596
874	891
6965	9326
1084	827
3337	3241
6153	4324
3431	4788
8885	9581
4643	4548
4371	6067
8057	7209
7846	7633
2919	354
3650	4697
4269	5766
3820	3327
7710	6892
3733	5208
2887	956
124	1370
4895	5812
161	2558
6037	5703
2536	2675
9359	8076
5318	5255
9266	7200
8497	7626
4071	5404
4838	3263
6783	8018
5498	4380
4440	4880
5366	3675
9678	7070
4078	4261
9540	6595
2432	2315
7928	8994
6458	8583
3457	6247
538	223
1907	442
4679	4228
1310	3001
6043	5645
7126	7326
671	924
4387	5070
6403	8402
9450	8602
1493	1787
6636	8223
987	2010
5989	5598
1189	2008
9017	6405
5532	6266
9407	6564
1917	2645
3991	5654
2174	2344
4925	5010
95	1047
9355	7298
6499	7410
6241	6079
3143	926
9423	8475
2528	2010
4681	6138
9686	7659
6398	6946
4463	5263
1904	3110
2715	2246
9029	8452
6801	6422
2529	449
4073	4883
6323	3317
705	530
7651	7257
106	2484
678	2645
2306	1619
3527	6270
9416	6968
7299	7791
5953	4178
7966	8982
8198	7121
5579	5187
2921	2324
4215	6090
850	1638
3571	4826
2092	3034
8788	9495
8255	8702
8988	9329
3904	4877
1046	739
1959	820
938	3048
3667	4314
82	1047
8405	8001
628	469
2194	316
8312	7153
1920	1454
6430	7414
972	374
3562	4986
8391	9400
1807	3176
2741	340
4062	5597
9278	8815
9298	7411
4321	4991
2638	1793
6209	3481
8170	7023
2668	2409
8354	7499
6271	4856
989	172
3199	2634
4909	4971
9479	9201
9631	7888
4109	5763
2739	2224
3480	5088
8758	7828
6578	6891
560	3059
5313	5741
3457	6025
4361	6279
204	1143
5839	5291
433	806
5856	3578
3421	3606
3189	1326
4687	5952
6494	9548
688	1251
3371	5754
286	1190
6566	8061
9631	7724
7662	8377
5187	6189
4156	3965
8962	7355
8617	7733
947	559
5355	3801
8811	7050
669	2975
2070	1909
8837	8731
1634	2693
9645	8719
8556	7437
9388	8038
9474	8784
2358	1600
5054	5545
1104	2153
6654	9317
1146	2178
8022	7600
6243	4070
4007	5969
6217	4786
9205	9065
8827	7927
2538	3131
8152	9663
2421	1540
6823	6725
1562	2830
4652	5294
8825	7099
127	465
3459	3269
8114	8897
737	2045
8621	7393
138	3073
5068	5164
3143	3163
7135	8454
1767	3051
4184	3706
959	687
8610	7263
1779	2603
9083	9351
8191	6812
73	812
5210	3619
2451	1116
4451	4145
7120	6895
8575	6858
5404	4754
1171	1741
2275	720
5758	4978
6315	5456
7319	6841
2021	204
1736	206
6780	9300
1842	1444
5021	6384
3529	3706
5188	5815
4306	5073
6478	7097
7293	8377
677	1553
5759	3622
5591	4080
8415	7392
2792	2075
4338	5885
4635	3567
8755	6612
2477	1497
5700	4925
8367	8026
7473	8776
9548	7085
3802	5885
3749	4097
7518	7139
9208	8226
1351	2315
5480	5750
6063	3645
7546	7945
187	2629
3760	3367
1875	1403
499	1690
2117	2350
8553	9422
7712	8837
5644	6293
141	2196
1614	2287
3891	6346
1588	883
1819	129
5607	4481
1648	418
637	2442
7143	6842
6248	4571
3928	5733
4013	4969
3491	3492
3026	2199
3165	2887
7373	9395
9085	9649
850	959
1934	1481
8054	9644
6753	6596
4843	5983
6208	4889
9551	8808
4905	3810
8296	6799
3754	3811
6347	6175
599	88
6390	9339
3388	4391
5601	4702
3216	4834
7603	9548
5139	5578
8538	7825
545	2324
1168	1266
7297	6996
4657	5663
4901	4923
5734	5159
3332	5604
8493	8312
2920	1111
7598	9148
7502	6794
977	1103
9651	7557
7830	7550
1992	1728
1555	1652
6543	7685
9597	7623
4888	5434
6056	4652
1032	1876
3407	4994
7814	8702
5018	5303
7314	8976
6126	3636
5134	3431
4681	5919
4036	5028
5636	5677
4651	5597
3748	5786
8298	6756
231	22
7864	7904
7783	7315
4258	5318
2363	636
867	502
4004	3417
294	486
7989	9547
613	2057
7529	6490
4051	5145
6219	3483
4432	3535
1215	2439
9095	6794
3629	3833
6594	9492
8766	7209
5749	3692
31	1935
6717	8943
7802	7604
5351	6354
2139	867
143	2241
7576	6614
7220	8374
1218	1741
4613	3571
1981	1377
6627	8846
4067	5059
2088	953
1480	82
4825	3819
3323	4792
7825	9157
663	365
4124	3500
3709	4506
5160	5521
8729	9020
132	187
2385	901
4775	3412
6595	8545
2444	867
6758	7976
1418	635
40	1169
400	1498
96	149
5540	4677
4205	5070
4868	4032
3515	4012
4777	4607
3758	4923
3777	6207
2257	1309
4364	6138
1023	2851
5805	5521
1894	1531
3866	4019
3093	2365
8821	7000
2306	92
2106	1201
7174	8802
8646	7619
5263	3773
6046	4856
8585	7924
7653	7310
2216	1422
9688	7694
1040	1920
3238	4356
3580	5364
9300	7383
3250	3567
280	1327
6811	7723
3736	5466
4654	3502
4575	4118
103	69
9501	8083
4935	3663
7220	7932
2639	321
5667	4464
4809	5198
7189	9508
7744	8555
166	2440
7074	9363
2803	2766
6077	5847
5569	4437
6446	7728
8554	8791
2723	303
721	758
5630	3788
4054	3577
7411	7275
2371	178
4425	5076
7359	9464
338	3081
3355	3807
1354	888
8859	8223
449	2751
9672	8947
8040	8724
8542	8606
756	1172
884	32
4481	3253
2327	198
8036	9496
5797	5102
663	2135
2871	2928
6774	7375
4935	4277
3959	5947
5495	3213
4602	4609
1495	861
5299	4319
7409	8980
2911	1510
119	1327
7252	7883
2142	231
3324	4617
126	1916
118	2863
9476	9645
2845	2160
5750	3711
2826	492
4904	4351
5528	5338
2570	747
1262	1011
8404	8901
2867	2248
851	1480
377	3047
483	2781
7930	8308
1779	2335
7197	8517
7945	7436
6551	8865
1586	2147
8635	8377
7045	9037
3504	3549
4233	5343
8082	6886
6089	4527
1813	2492
3961	4055
1936	1325
3084	1631
5490	4220
1555	1730
1160	814
2278	2012
6107	4990
8647	7044
1818	2111
4820	4118
6889	7058
4179	6059
3721	4063
5878	3711
9654	8307
2050	374
2735	2645
5881	5847
6118	5380
3433	4233
8795	9602
5552	5935
3412	3670
5169	5730
4924	4432
3986	4087
1420	1614
9095	7406
3648	4470
7366	9583
1372	2321
759	3001
3508	5368
2132	1343
3002	321
1910	809
3476	4053
2897	2148
9387	7762
2435	2081
8202	8728
2843	1803
7562	7723
6363	4938
8336	6614
381	689
6064	5507
2728	1375
4576	6183
3441	5996
5855	6273
3656	6183
846	3181
8026	9383
5425	3883
9597	8021
645	3199
3537	5167
6576	7494
1982	2659
7717	8691
4907	3883
2021	142
2526	1705
6759	6867
662	1280
8201	9304
4451	5698
4029	4935
8545	6595
6576	8617
294	955
8209	6452
454	2248
5732	4315
1755	2928
611	2836
1348	60
4807	4230
5406	5403
8468	7257
4976	5525
622	293
7763	9056
6807	6479
2115	3007
5899	5620
38	2135
4592	5407
2884	2639
6535	7923
6930	6474
5054	5451
7259	8910
8472	7971
8373	6516
9330	7397
3390	3342
912	2805
7395	8242
6610	7857
1008	485
4128	5852
4561	5872
6701	7632
7311	9230
8649	7550
3572	4044
2601	1112
3850	6080
133	1174
6770	8158
3252	3813
5116	3236
1037	1326
1075	659
1161	1321
4551	5168
7650	9293
321	2579
8896	7280
87	1494
9564	9638
8784	7042
3215	4737
8664	7218
3762	4044
8308	6728
8337	9056
5058	3888
7203	9413
3905	5194
8107	8607
4298	5336
8350	9503
6235	4879
5389	5486
9259	7257
4802	4513
430	2363
5966	5802
5683	3674
3764	3387
7023	6481
9715	8511
4212	5511
640	1008
5385	4514
4005	5088
5627	5933
1509	758
1788	85
2069	2380
9490	8259
437	1566
9017	7517
1660	1454
2694	2268
8853	9216
5320	5230
2187	1850
9526	6620
4107	3858
7396	9225
6467	8613
4908	5114
6470	7623
1494	959
2251	3011
9196	8468
3591	6236
9389	9495
1957	533
2471	1962
7148	8242
3885	4057
2562	1096
3045	2475
6811	6620
6403	6692
4001	4293
4725	3899
7312	8166
2993	1974
2388	2962
5464	3237
8977	7776
7199	9675
6025	3807
5857	4365
3339	6369
8476	9184
4195	5231
8039	8126
3678	4936
9270	8564
8218	8819
7034	7929
9059	9288
9551	9495
7617	7246
8006	7968
6525	9445
4355	5971
2116	611
6484	7162
7811	7263
147	1617
8446	8620
8104	8060
8557	9676
2930	2114
6719	7238
1273	2185
7433	7131
2506	3131
9180	6669
2591	2427
2970	1375
8088	6916
7945	7750
5683	5002
2864	2865
3085	1556
9704	8596
155	1480
6414	9638
7161	8562
6673	9346
3665	3537
7265	7815
8252	6596
7604	7695
1992	2516
5791	5101
8881	8596
9555	8400
7058	9583
3039	2978
9382	8596
5828	3526
4395	4008
7016	7734
6226	3861
901	1201
8439	7199
1961	1788
1288	1808
3928	3407
8695	6987
9165	7601
4415	3709
1047	2504
5208	4791
6731	6682
6418	6534
1159	2433
434	2687
9250	7903
3066	1615
2014	2649
1077	1175
5035	6160
3865	3735
7859	7329
2748	365
2475	2392
4280	4548
5616	4682
9700	6405
1793	914
9621	9065
7187	8403
2200	2529
5555	3322
4203	3387
8486	7129
5652	5864
2271	1772
3016	1625
5440	6300
3196	372
1608	2208
7435	8083
8793	6956
3115	2905
2501	180
4944	3620
1483	2471
5670	4578
4278	5629
8633	8213
8148	8306
9659	7545
3391	6364
5894	3448
5291	3570
2944	212
8830	9594
5219	5070
7547	9383
6200	5509
5534	6121
5910	4208
7414	6642
6590	6854
4131	4709
6877	6420
4029	3436
8206	8273
4321	3711
4634	4455
1442	2197
1120	688
9284	7664
2178	1637
3237	3567
3693	3548
708	1071
1999	1898
1517	691
3576	4258
1570	92
8172	7170
5407	5413
9394	6694
815	1328
3018	2321
6119	6354
6641	7390
5080	5548
8805	7019
5254	3699
9715	6888
1184	823
8097	9304
1216	690
4667	5786
2263	1141
4745	6025
3828	3829
1539	1320
6809	7660
5154	4589
5889	3949
4466	3691
81	2994
510	3137
8414	7347
6160	3305
1340	1104
6393	7703
9677	6511
4007	4513
6046	6217
2799	3001
575	1143
2035	980
9566	7496
1969	108
8596	9267
7824	7043
583	553
8953	8911
2651	3131
3655	6236
5312	6179
5993	5410
9224	9363
1530	1265
2106	2978
2202	1547
7471	7516
2297	422
6	3128
5088	3753
8126	9567
1311	1958
1396	1262
8182	7622
2555	1293
7164	7812
1837	2337
638	62
6777	9386
5851	6175
2002	1920
5736	6320
2361	2904
900	1424
9448	7774
9665	7734
2040	1176
3969	3431
8038	9678
2359	215
2755	2029
9300	7274
2629	1076
5160	3807
8064	9277
637	2851
1368	795
3179	2241
3670	3713
8919	8529
4216	5692
6578	6595
1173	1865
6337	5399
3393	4464
6200	5936
6981	8139
493	399
4381	4668
8484	7935
5068	3691
5161	4415
4973	5236
3094	1266
6670	8510
5049	3838
5647	6155
8307	8700
3891	3387
842	3151
4511	3535
1383	3051
3633	4999
4630	3486
2512	2464
9576	7804
546	1244
5916	6355
9666	7089
9653	8041
4615	6183
4134	6020
7841	7636
7599	6620
217	2385
7061	7695
3393	5228
7946	6559
6269	5041
1447	341
4256	6185
9266	9653
8277	7441
653	2789
2359	1475
8511	8975
834	2591
1091	1100
1173	617
3827	4370
1775	821
4784	4622
3639	4642
2453	1418
6094	3662
4642	5744
3373	3718
2474	926
2244	2248
8610	7099
1416	2248
1694	2158
348	559
2947	2197
3293	3783
1789	2079
5245	3878
2991	2974
9050	8983
4880	4872
1652	1728
2192	1511
2491	2443
831	1265
3056	2199
9324	7515
6820	8399
4551	6007
2172	2884
8229	8116
218	1087
3584	4291
7767	7766
5810	4234
1364	1028
3234	3624
4083	5019
4325	4520
4115	4116
7213	9178
6908	7148
3215	3216
492	2826
9107	8234
8995	7209
5388	4287
3828	6384
8844	9109
975	1519
1707	508
9478	6593
5077	3371
1593	1116
1830	486
5689	3790
3118	2713
9153	8194
8861	9611
479	866
419	3061
1427	905
384	612
6338	4268
4522	6239
1582	2224
3363	5574
6930	6495
2114	990
7335	7717
5189	5545
153	1614
2845	409
650	1509
8289	8078
1804	81
9077	7578
2676	2374
6934	6710
526	463
5593	6008
1427	3011
6793	6614
6021	5574
352	2082
9656	9083
858	1508
2958	1915
3666	5701
4493	5507
4981	3343
9153	8273
8623	7114
8312	9372
4482	4208
6332	3890
4911	4970
3372	4685
2783	2709
7196	9437
5981	4533
8288	8256
5858	6033
358	1518
2425	263
6533	7357
8428	7415
1283	2905
1212	2903
646	63
1276	2738
4905	4469
2386	856
8251	7415
5313	5138
3431	5132
4143	4279
6325	5611
77	1280
6767	7375
8188	7307
3002	2176
2166	1157
188	861
115	1322
5150	4369
5054	5198
3161	1102
4241	3365
9024	7694
1837	1016
2929	530
5643	6030
3450	3575
9469	9515
9401	7646
3498	3568
1093	827
7349	8446
739	2675
5295	4662
8993	8731
3294	4525
4353	6293
1864	821
4566	5445
5617	4050
8578	9489
8401	7233
3704	4885
6233	6288
1374	2679
6517	8192
5474	3442
5386	3967
2046	2441
7533	8192
8262	6816
3257	5597
5902	6341
3657	5918
5631	4613
9229	8594
348	2300
4069	5936
1790	479
9242	7987
3770	4555
2648	409
8652	7937
7359	7170
7588	7785
2051	1264
4136	4231
1533	3142
9258	8537
9000	7688
3218	5176
8747	6940
1928	2461
7046	8977
2129	3200
8622	6799
8760	6720
2954	8
2733	1115
4763	3709
3171	2317
3301	4151
3403	6066
3820	3868
4375	3431
744	2246
1554	851
6607	6769
8785	6748
2229	1674
1212	3129
1075	3198
5112	4652
8399	8039
3029	688
8892	8210
4039	3670
2400	2453
7374	7643
4704	5643
2227	2162
1402	1124
4694	4959
8350	7698
118	2225
1879	1017
9305	8798
9304	9215
3352	5224
4952	3677
7362	9307
8720	8594
5852	5198
8336	8518
7854	7689
9702	9434
7903	7499
5782	4739
4311	3225
9362	8859
5044	3315
4595	3601
269	1299
3570	5656
5453	3692
7538	7441
5503	4817
3865	4585
1531	1039
1305	1898
794	614
1980	2012
4221	3407
6370	4263
8749	6659
9681	6415
4295	6059
3222	4120
1133	906
6622	7967
300	3001
1027	476
7459	7847
8897	8479
1841	659
4683	5384
7624	8853
7254	8299
574	1280
3245	4236
3271	4205
3986	4301
3553	3684
2599	1280
2988	2640
2380	953
2958	2536
356	3180
1747	844
1580	634
4648	4981
6597	7137
5536	5849
6160	5511
9672	7063
148	2766
1179	104
2901	607
7455	6981
6448	8239
6008	4668
6177	5088
5915	4957
9280	7561
3580	4052
3338	5436
2748	2816
7647	6422
5784	3627
5557	5330
7520	9125
2196	3056
1663	1460
4092	6021
3682	5982
928	1201
2608	2953
457	2903
190	486
248	2508
8672	7970
7376	8450
4543	4705
1696	3003
7625	6794
6420	7297
4783	3747
3490	5879
3715	4964
5161	4760
2574	2812
8614	9626
1371	754
4126	4720
5922	4091
5426	6288
5909	4012
3159	680
3367	5471
3098	2326
4464	5858
229	1688
234	616
3246	5677
2242	1294
8330	8126
6486	7307
5541	3892
1530	2619
3191	2128
4257	5124
6953	9506
7710	8158
5675	5963
7823	7375
6328	6179
7713	7415
6887	8977
8878	8758
7688	9548
7440	9225
967	292
8922	8639
6875	8816
2194	1451
2375	609
3717	5303
6015	4217
49	2344
2333	1364
9523	8751
8514	9315
2672	1688
58	2265
2019	3017
3230	4242
3404	4551
7668	7498
7647	7098
5994	3858
5818	3311
3420	3893
3259	5687
1484	1728
1251	2965
4520	3861
1207	1685
3982	5329
2117	2579
5621	3815
5442	4596
5387	6089
6924	7905
8133	7734
5828	3500
7625	8436
8905	6651
6504	8623
7815	8865
8091	8650
669	2675
5439	4469
1669	1935
1033	2261
1215	1715
1669	2730
1427	104
2796	539
5458	6324
4930	5431
2880	2107
4659	5153
8254	7679
6624	6503
9521	8245
8343	9409
5679	4452
6820	8503
3149	2043
5433	5519
4976	5989
2121	1201
3526	5669
6108	3809
3900	3924
7858	9046
2614	1964
4934	3916
2525	44
216	33
377	639
4994	5421
1744	938
5514	3675
3475	5099
4034	6044
4093	5279
366	992
3970	4208
6396	8690
7751	7152
5644	4379
7941	8925
36	926
527	1772
441	2224
2738	766
3672	3647
3168	276
8764	9543
7867	8724
923	2766
4480	5804
2981	2160
1200	1545
3821	3337
6725	8708
6120	4621
2846	1405
4480	4807
4688	5233
2416	557
8669	9255
6949	8596
7869	9064
851	1952
3378	5701
2238	96
2116	2199
4988	6183
297	1595
5826	4644
1369	925
4103	4019
1349	263
5995	4001
6046	4229
6854	7007
3570	3741
8855	8856
734	2542
5536	5998
4823	3483
3572	4607
8436	8063
7107	9470
1053	1933
1620	1920
9634	6738
6683	6665
9392	7731
8501	6551
6410	7102
3401	4293
2501	1611
4517	5730
4755	5525
5125	3794
2851	768
9334	8196
3216	3691
6355	4053
4337	6250
3471	6022
1024	2972
6628	7195
7565	8792
5148	5319
2768	1102
451	2556
8513	8887
4385	5917
1101	203
746	1112
8339	9241
1935	63
1544	595
2629	2996
4554	5809
6867	7035
2011	2478
888	1118
1107	2866
6188	4654
6518	7543
4995	3587
285	30
1479	2848
2366	2287
1225	827
3044	2864
1796	2459
2847	2102
5562	5860
8002	8883
6884	6497
5364	4739
5417	5034
4507	3635
7316	6548
3232	4205
458	48
902	2724
5407	4268
1588	2273
2332	1475
8113	7499
4771	4696
6228	4569
2295	2798
3063	421
3772	3958
8605	8915
4081	5318
314	2928
5495	6385
8487	7261
6721	9159
30	1935
7173	9638
5703	4652
298	1197
4844	5173
5513	5558
9028	7269
1625	258
3593	5034
2186	65
4790	4487
6357	3670
7602	9372
2192	1325
4858	5198
7322	7713
5591	4788
3117	710
2155	1350
368	3131
1006	1005
8556	9441
2708	2564
2915	2168
9707	6486
8256	9044
6864	8372
2357	2506
9500	9239
2930	1811
2216	1266
7620	8667
2562	1829
2822	877
4041	5885
7506	9054
2787	1039
4712	4513
8295	7734
56	1656
968	406
5584	3387
4180	5002
2829	2533
6391	8520
6026	6292
5603	3236
6493	6737
5313	5510
8812	8824
7819	9239
6294	5962
6852	6867
2087	688
2798	637
7900	6709
64	1622
8387	7659
8217	8650
3083	953
6327	4273
1341	2478
7988	9568
3703	5784
8999	9020
5807	3553
5456	4348
943	1280
403	2196
4669	6021
8132	8155
3479	6247
7884	6601
1015	1265
9173	7105
8279	8157
8107	7318
940	2504
2012	1541
7757	6572
1069	242
5824	4414
2150	826
8256	8212
3103	1351
3234	4736
5729	5471
833	615
8581	7490
6886	8291
3179	2241
4627	6189
6955	9548
7459	9282
4542	6144
4709	5503
8365	7050
4238	4330
173	320
5176	3838
296	1631
6101	4906
3225	4337
6157	4397
9191	8060
2337	1366
2990	858
7317	8947
7385	7319
5973	3652
6845	6709
2806	888
242	1037
6151	3647
8843	9419
8991	6794
646	63
1473	199
4661	5446
2953	178
6372	4021
9026	9299
8322	6465
628	1010
9099	8794
5249	5754
865	2218
2736	2081
2681	1838
7966	6813
4003	4761
8444	9507
6833	8515
1709	2
2872	407
8932	8936
2164	2151
1541	1141
3185	2596
6853	9663
5272	5456
8529	6405
9363	9243
6953	8280
8872	6436
7359	8596
9388	7499
5861	5294
6204	6295
3233	5734
9465	6792
5187	3854
5804	4554
5146	5478
7547	7689
3012	2811
6749	7415
7091	8291
8054	8554
6803	9456
9089	7398
4339	5929
5685	4645
5984	3442
8683	9215
4219	4551
1443	2558
668	1406
7598	8520
5395	4067
4156	4878
5316	4356
9343	9346
1880	766
9182	7766
6733	7684
5420	5856
5660	4236
6885	8003
9163	6888
3554	3645
1931	1360
4365	5410
5914	3773
9683	9434
7999	7496
1589	2634
3324	6369
4943	4504
7626	6586
608	2704
8970	8594
6484	9495
3990	5458
7057	9664
4134	6326
1312	688
4620	5274
3303	5545
6242	4449
3762	3395
5475	5466
3000	1514
6897	6422
8751	8419
3774	6319
3889	4829
458	2390
1154	550
807	3074
7587	8980
8858	8297
1259	398
7167	6436
4313	3863
3599	5693
7857	6596
1838	1797
9610	6804
5170	5609
463	1909
1925	1826
434	2100
8304	7653
3154	2629
6514	7532
3950	6329
2378	442
9090	8925
8330	8465
334	2480
5928	3602
8945	9330
4996	5433
4039	5424
6889	7451
7920	9162
6173	6215
4788	3829
1261	2618
6990	6958
4647	5874
4212	4348
8147	6762
4746	4192
8896	8039
9684	7918
7878	7355
5388	5465
7440	6763
1935	276
7974	8998
9224	7098
3856	4514
2056	2846
5691	4233
3731	6275
1409	1345
4022	5678
2271	923
5597	3609
8001	6393
7126	6478
7086	6761
1503	2898
1654	486
2209	2322
811	407
8600	7375
5412	5236
5808	5601
5802	3644
4341	5197
5846	4457
5103	6346
6130	5335
340	2870
2433	189
4688	5338
8647	8606
3740	5661
4155	4332
7523	6543
837	1493
1329	3054
8892	9052
4935	4964
1361	1884
8276	7997
7403	8799
9062	9611
1832	2679
9626	6658
9556	8394
535	2567
5847	5732
6320	4016
7897	9136
4709	4129
5835	3465
2887	2044
10	2294
1244	1692
758	1326
1371	145
879	718
7636	9255
505	1060
2808	706
6209	4457
6366	5573
2117	1016
6009	3412
3948	3332
6205	5323
7739	8317
9331	7199
5951	3467
1059	2809
232	1278
8678	7639
9002	7445
1394	2500
2684	599
2122	1100
3578	5101
3210	4436
1141	2755
9299	7298
3743	4436
6914	9394
5461	3608
2324	199
1436	861
6035	4871
4033	6030
8976	9302
3326	5318
7998	6792
8534	9525
2496	3089
5775	3789
6859	7169
2248	2561
9428	6947
6243	5802
1716	955
5828	3387
5383	6195
3616	3976
7651	9065
4487	3341
1146	812
4216	3292
4460	4982
6716	8906
6749	8954
5717	4271
8692	9245
8505	7307
3641	5798
8078	6482
750	1711
8038	8006
2085	980
1910	2007
5308	4268
4286	4785
9269	9329
3847	4856
8989	9276
1189	1403
9124	7095
1580	1880
6120	4338
7292	7448
1413	2727
3499	4210
2102	2024
4622	6240
4497	4314
7093	6804
5754	5249
490	1815
7441	7843
657	2465
4733	4090
8519	7759
1904	208
7127	6851
5157	6207
3313	3800
8848	7937
78	828
8126	6452
119	806
8346	9376
3754	5255
4959	3348
7070	8453
8531	7441
5199	3994
5295	5337
892	1440
2389	379
5746	5544
6605	8507
62	365
373	2928
6709	7921
8951	8217
4563	4625
7282	8655
8684	8285
5150	5165
5850	4672
9461	7487
4658	5824
8477	8378
7328	6799
340	2398
9194	8984
8231	6872
266	1112
1	15
9244	8295
3745	3888
1780	2491
4506	3694
6061	4645
7616	7997
7904	8273
7100	8466
305	2441
1576	1266
4937	4053
2916	1603
5161	4503
8938	7796
7659	9487
366	971
3831	3741
261	2362
8705	8421
7284	9344
8689	8585
6854	8984
3791	4879
5087	3692
1463	809
3497	5239
8542	8213
4372	6183
5941	5361
870	603
3549	4118
5944	5969
6060	4203
2699	3012
8732	7509
8982	9102
6260	3996
6374	4835
8519	7329
8005	7661
999	2739
1288	1337
6805	8232
3739	4087
8933	7229
6796	7933
9503	9179
3544	6003
1882	1499
3084	1085
2687	1326
3937	4252
3582	5663
6916	8781
8545	6580
4631	5997
7779	7767
6119	3818
2903	457
665	989
5206	3713
1352	582
6462	7263
1982	3060
6438	8964
5509	4279
5093	3711
6414	8317
9554	7499
875	613
6906	9305
7224	6493
1006	1631
4690	3789
8512	6996
2350	1665
9332	8615
2672	2812
442	1930
6483	9045
7942	8971
102	1764
8417	9505
2297	1217
1866	1766
8149	9591
3640	5255
3002	359
5403	4847
3026	399
8846	9495
3811	5530
7967	6868
4038	5475
1831	687
6793	7499
9197	6799
576	403
4311	4086
4609	6246
6003	3241
9164	8107
3650	4383
2445	702
5665	5991
7685	6604
3518	5294
3478	3635
7037	7471
3419	5988
6954	6489
1007	760
644	615
8669	7045
9200	8071
1189	1792
270	446
2513	1577
577	1028
1496	3091
5254	3858
760	2991
246	977
1483	1644
6881	8025
6343	4208
5189	5628
9676	8511
5171	4332
9199	6710
2339	710
570	2640
292	1422
9694	9097
7115	8476
5932	4834
3158	785
5390	4740
4631	5196
8786	7880
241	1030
9486	8414
9248	6512
8268	9372
8094	8356
5632	4898
9179	8003
9259	7100
3806	5088
239	2763
9050	6924
7849	8751
5350	4038
558	1727
3890	4386
6900	7547
4897	5784
4788	6311
78	2687
3001	139
4783	6079
4586	5272
1525	1233
5203	4437
6993	6805
2799	2237
1616	178
207	468
1484	2030
9309	7015
2534	845
6537	8143
8746	9157
1787	3200
331	2832
7886	7887
584	68
8642	6667
3603	6147
4651	5198
2324	3181
7437	6498
2580	486
4063	6059
8444	8574
4888	4513
5208	5629
5076	6173
608	2705
1512	688
548	2
3902	3859
206	2577
5658	4228
5989	3807
3419	3965
9144	8981
884	293
242	923
7303	6799
5270	3414
18	860
8497	8285
3431	3356
8773	9675
9651	7134
440	1158
7288	8947
4807	4984
3987	5142
8566	7328
9171	9056
4990	5665
1862	1326
3267	3732
8787	9656
1564	935
2702	110
9606	9653
6225	4470
9367	8360
1508	1759
941	2284
7816	6532
585	106
6323	4947
6390	6974
3077	690
5830	5738
1324	1721
3616	5069
8574	7107
1729	2168
8228	7131
728	1175
5376	4696
1265	2976
5471	3667
1980	2729
4715	3431
3256	4470
8401	6854
3162	1201
7436	9624
7322	6636
8199	8400
5759	6030
9054	9042
8190	8702
4886	4457
5311	3377
7481	9653
1510	357
4488	3800
6270	5668
2801	1795
7285	7795
8834	6675
1262	1729
1072	3179
4963	4293
6291	5294
6472	7290
4983	4829
6203	6193
8474	7298
2202	2212
2004	1750
1946	2320
1333	2255
518	2008
6560	8925
8327	8637
268	987
725	2396
7687	8573
606	690
9418	6969
2252	608
4679	4685
9579	8572
2352	1102
6070	5042
9175	8615
2601	2087
4420	4097
186	859
1876	1927
9359	8894
2753	739
5671	3684
2186	604
1732	2835
9207	9199
7026	9632
3252	5624
8158	8346
2414	1337
8146	7734
7384	7499
8762	8347
4902	5838
2066	3171
4221	3407
7853	8639
6329	6219
147	1293
5844	5337
5818	6288
4844	5173
4117	5229
7608	9663
3187	2928
1631	606
5349	6056
7830	8879
2453	3156
6241	6239
2049	13
5434	5701
57	535
1734	295
6949	6490
96	2194
2579	1600
9561	6580
1883	233
7483	8984
4542	6193
3962	3302
8775	8217
241	186
8645	7355
3313	4126
9087	8724
1410	2600
5	2212
6270	4737
7503	7801
9314	6816
8951	6476
4932	3647
7335	6912
9054	8301
4031	3965
5039	3699
3391	4849
4222	3228
7277	6451
822	1769
2138	342
7647	9240
6075	4803
6176	6284
4023	5272
2824	1876
880	30
2580	1436
3139	2716
8741	8983
5736	6183
187	1263
4528	5633
1733	2753
5562	3755
525	2107
7386	6436
5054	4670
6854	8481
2505	997
7216	8325
5741	5896
8447	7733
3943	4512
9153	7521
2010	1121
8742	6766
8353	9691
8756	7048
1436	2279
3528	5142
2313	1235
3149	1875
6039	3670
5909	4685
2008	2837
2187	2634
5107	3863
5095	3696
5949	4302
5633	3921
1965	2007
5416	5770
3500	4303
322	2608
9086	8975
311	863
1839	208
247	2560
7759	7818
9369	8134
2048	2440
5734	4370
7026	6735
1050	86
413	1582
4724	5433
7948	7918
5323	6205
4669	4456
7595	9663
6146	4996
4762	6319
6299	6026
1033	3018
5304	4771
7849	6711
7439	9542
6074	4255
5010	4391
8728	7878
94	290
6003	5521
1984	1498
8308	7688
1455	1226
7051	9372
1024	3171
2824	1280
190	1785
5281	4730
9680	8743
3607	5750
1915	1819
928	1919
6122	4233
6898	9253
6903	9138
1214	2054
8025	9233
3572	5784
2037	1874
5647	3838
2747	1424
4517	5157
4639	6384
4794	3842
505	2793
5659	3486
8703	7261
1045	2475
5985	4054
7928	7932
9371	7937
3394	6239
2405	557
5473	5750
940	2284
1353	2862
2066	1588
7965	7724
6502	8551
1175	320
1978	3030
3840	5708
4545	3807
6454	8119
334	1102
1111	2111
3411	3563
5473	3813
4988	4557
6854	6401
8895	8126
8497	8063
1653	981
3408	3418
1974	1849
4306	3758
3321	3287
4417	4279
4851	3239
2582	2507
3011	1815
3993	5030
1276	2875
8651	8212
2093	687
377	585
7016	6471
1108	1844
3560	4057
7774	7837
7747	8833
7180	7305
4453	4078
1149	2111
5299	5798
4437	5123
3298	6184
9648	7828
6170	5228
6516	8791
2959	2832
2704	2579
1929	1444
5942	4456
3425	4615
7981	8166
8588	7433
8177	8982
5702	5943
1532	592
7580	8994
5828	3889
4351	5882
9532	6562
6198	5167
2753	1597
8014	6690
1128	199
7667	8039
96	2974
971	330
9637	8398
2224	2529
2797	236
7648	7107
1548	2388
2261	1253
8313	6876
3020	731
4599	4607
5072	6314
2735	1258
4378	3562
1768	443
962	2980
726	906
2985	2045
3144	2471
7312	8952
5606	3225
1244	1730
6898	9606
6564	6961
3240	5784
311	2440
8058	9627
4732	4678
9189	8906
5082	3541
2734	1641
1809	465
396	570
87	490
6108	4930
7020	7416
6450	6452
9578	6932
8597	7304
6800	7877
2082	551
5397	4761
7767	8274
1626	1869
7592	7490
2108	2603
2622	3152
1518	358
2870	2738
9464	7689
4486	5039
9568	8564
223	1439
6000	3809
4202	3481
3231	6354
2569	2112
5151	6319
6056	4932
5296	5199
9173	6744
7833	7375
6110	4710
6744	7776
7926	6694
3500	3819
977	1577
2971	2257
5015	3494
5247	4391
7853	9095
5967	3389
8203	8124
5275	3394
7798	9337
6854	8911
8437	8335
8551	8810
2753	2815
3610	6015
3248	4843
5760	3834
6935	7190
1833	2454
4621	5494
8383	6580
3876	6379
8055	8327
8319	9289
8886	9330
2618	689
308	2749
1036	2282
5822	6030
7202	8339
5235	3771
981	1340
4610	3715
3049	2296
7771	9704
3499	5055
2353	878
1372	2197
6123	4508
6090	5165
5461	5525
992	1794
2596	1930
589	2192
8099	8242
7902	9165
2683	1326
5915	4105
6815	7014
8814	9203
6234	5801
4176	4286
1842	3110
5827	3761
6229	4596
4523	5069
6449	9156
2977	1038
4480	4512
8900	6600
3976	5805
4106	4456
6075	5219
4265	3232
2812	1945
9047	6424
2821	1163
6382	5861
2940	1999
6511	9211
7835	7111
6452	8463
7924	6944
6493	8832
2833	330
888	1273
3060	2390
9228	8185
3947	5629
2970	1016
7907	9638
5888	6059
5616	3497
5846	5555
259	887
6391	9495
2492	2584
2237	1280
8803	8202
4061	4957
3503	5998
4754	4313
4000	3829
7841	8211
6421	7415
4585	3832
1293	1286
6129	4682
3956	5308
2684	2687
5417	3247
3229	3403
2752	525
6959	9704
3871	5431
8194	8515
4548	5580
4556	6081
9413	7533
2952	889
7220	7932
168	2813
4015	6056
8647	6840
4745	6059
9594	6405
4424	3277
1390	2090
5016	4471
1504	955
9627	7232
5219	3285
8548	9313
9044	7688
4288	5711
8346	7708
3026	1478
4955	6233
7990	7411
1588	1912
8810	7824
6696	6405
3936	3276
8658	9423
8677	8673
7510	7204
1958	1811
3134	1329
7410	7051
1134	1322
7096	6433
8214	7183
1915	3056
7923	9067
2191	260
400	2279
5078	3311
7184	9487
5255	5514
5816	5852
1845	1183
7072	7800
6615	8290
4926	4053
6643	8815
660	613
1138	295
3499	6198
6992	9495
2936	2176
3648	5742
817	1489
5093	4386
3645	4922
3848	4234
794	1451
3035	2477
8092	6733
3798	5418
3542	4022
6373	3580
1690	2513
4265	4826
2368	2872
7188	6580
294	2964
2662	2150
4479	4783
8269	7856
7759	7435
7773	6395
8163	9668
7449	8554
2390	2865
6452	7098
4779	4375
1529	2938
963	1643
5320	4183
7550	6433
8406	8308
6851	8257
7336	6761
