-3.011243236309401716e+00 -1.080647447922796323e+00 -8.085634142479779518e-01 1.833200060083154670e-01 1.922048629767261207e-01 -1.114231290809714336e-01 -8.606091290878479030e-03 2.597975811456616421e-02
-3.472678838810770330e+00 -9.856832803333219761e-01 -7.053681080496655431e-01 -2.880133098348463538e-01 6.306127629668642487e-02 -1.457325201373007306e-01 1.474365960444699343e-02 -2.631331034698600191e-02
-3.662948528143399329e+00 -9.887885381152818898e-01 -6.818823389779453681e-01 -4.830810810532424338e-01 5.953013113610843704e-02 -1.226499656959096629e-01 2.944699905459463585e-02 -1.664971245966126792e-02
-3.680680733730502752e+00 -9.974152787803596265e-01 -6.843683286255420883e-01 -5.023362309283468941e-01 6.358738293871771252e-02 -1.170571701759996613e-01 3.185513413225789930e-02 -1.648952642960169884e-02
-3.011243236309390170e+00 -1.080647447922804094e+00 -8.085634142479684039e-01 1.833200060083175764e-01 1.922048629767100225e-01 -1.114231290810156622e-01 -8.606091290842516478e-03 2.597975811453509185e-02
-3.011243236309400828e+00 -1.080647447922763016e+00 -8.085634142479656283e-01 1.833200060083071403e-01 1.922048629766576755e-01 -1.114231290810743236e-01 -8.606091290846672875e-03 2.597975811448274830e-02
-3.011243236309380400e+00 -1.080647447922849835e+00 -8.085634142479733999e-01 1.833200060083262084e-01 1.922048629767803551e-01 -1.114231290809295505e-01 -8.606091290839145910e-03 2.597975811459821149e-02
-3.011243236309392834e+00 -1.080647447922798765e+00 -8.085634142479676267e-01 1.833200060083143290e-01 1.922048629767061090e-01 -1.114231290810171748e-01 -8.606091290843480984e-03 2.597975811452917644e-02
-3.229015268310871267e+00 -1.100180091010054317e+00 -7.894538658768107675e-01 -3.934627798760052808e-02 2.093121733754984004e-01 -7.259443688479395862e-02 9.541005678487049502e-03 5.279325114609486475e-02
-3.011243236309390170e+00 -1.080647447922803428e+00 -8.085634142479838360e-01 1.833200060083181038e-01 1.922048629767341976e-01 -1.114231290809965247e-01 -8.606091290842669134e-03 2.597975811452780948e-02
-3.516129466521099811e+00 -7.984498873361604854e-02 -1.232598256502333567e-01 -3.363556837865048776e-01 -2.776961928850188444e-01 -9.701585761754522030e-02 6.178531892345236892e-03 -1.394808676222388522e-01
-3.066927408036130842e+00 -1.064131109118727492e-01 -1.493339847481281180e-01 1.026810729535430622e-01 -2.017232058888712987e-01 -2.944118427358951781e-02 -4.408750615935669998e-02 -9.168147740105722643e-02
-3.026274990359967720e+00 -3.258518225154872772e-01 4.272266586828761814e-01 1.082794605389402059e-01 -4.441196367581118354e-01 -1.687580305356908283e-01 -3.915291886549372019e-02 1.670409084917792719e-01
-3.066927408036131286e+00 -1.064131109118713198e-01 -1.493339847481262861e-01 1.026810729535417299e-01 -2.017232058888732416e-01 -2.944118427359217541e-02 -4.408750615935669998e-02 -9.168147740105585253e-02
-3.066927408036131286e+00 -1.064131109118702651e-01 -1.493339847481269800e-01 1.026810729535421601e-01 -2.017232058888734081e-01 -2.944118427359318502e-02 -4.408750615935540240e-02 -9.168147740105714316e-02
-3.066927408036131730e+00 -1.064131109118683638e-01 -1.493339847481287286e-01 1.026810729535418687e-01 -2.017232058888730195e-01 -2.944118427359258480e-02 -4.408750615935645711e-02 -9.168147740105969667e-02
-3.174672900418328503e+00 -4.116701301109837452e-01 7.514605642272080832e-01 -6.597375381608309997e-02 -4.357724058292463676e-01 -2.486689538849926606e-01 -3.692349041007507437e-02 1.248327314120050019e-01
-3.298294910116355894e+00 -6.250975221493246248e-02 1.233860899734068317e-02 -1.548116558765634254e-01 -1.113395204192444143e-01 1.652232556713345013e-01 6.878418760682580846e-02 6.223712644282891615e-02
-3.290773026630537057e+00 -1.094585181285608923e-02 -2.022530487510731945e-02 -1.411399065453581292e-01 -1.126312023781162325e-01 1.159292078851026919e-01 9.122596800944986206e-02 2.471252648615945152e-02
-3.672260477985217708e+00 7.141704818700692070e-02 -3.817347907603798468e-02 -4.968946767290716715e-01 -1.129533332374299676e-01 8.325103031720622326e-02 -1.908463518282618038e-02 -1.221604185156716441e-02
-3.325257715548098680e+00 1.132980954387710210e-01 1.748159181115708366e-02 -1.323666221904937212e-01 -3.064872782812391172e-01 -1.551918544864409333e-01 2.507123171471214995e-02 -4.172613273725520044e-02
-3.360988121093098968e+00 -1.448277631037770130e-01 -1.082359189909029296e-01 -2.074846321114753034e-01 -1.180108766018372474e-01 1.009479960964393408e-01 -6.359606641082704570e-03 -8.707290690907630928e-03
-2.860333305463287790e+00 -1.627066630813449044e-01 3.754322389011397615e-02 2.854216371419564524e-01 -2.516905904402637617e-01 -2.713290303322995773e-03 -4.946446100577826105e-02 6.644106685086284547e-02
-3.110742629516805913e+00 -2.163317828410621924e-01 2.072105633254827106e-01 4.014200608039154156e-02 -3.828397991487474950e-01 -1.071703305618022517e-01 -2.070806892149528247e-02 1.258897874081222057e-01
-3.066927408036132618e+00 -1.064131109118695850e-01 -1.493339847481258698e-01 1.026810729535410499e-01 -2.017232058888752122e-01 -2.944118427359351114e-02 -4.408750615935660283e-02 -9.168147740105651866e-02
-3.142773339847836134e+00 -7.487695583671084842e-02 -1.053559240631650323e-01 2.633898266796653662e-02 -2.166665375314918152e-01 -3.409335757080334678e-02 -1.579369472899025406e-02 -7.229366631324139758e-02
-2.988009500451379363e+00 -1.469936057380663019e-01 -1.253978182653794349e-01 1.560881437704025321e-01 -1.104306431188318838e-01 1.007879578794557418e-01 -5.507772642485427722e-02 -2.093919112581609301e-02
-2.988009500451379363e+00 -1.469936057380665795e-01 -1.253978182653787965e-01 1.560881437704025321e-01 -1.104306431188326887e-01 1.007879578794560471e-01 -5.507772642485384007e-02 -2.093919112581561076e-02
-2.892840693625547743e+00 -1.453522845528328056e-01 -1.350557472740752940e-01 2.490645133654895982e-01 -9.615358900840954848e-02 1.116360425946570367e-01 -6.381854983923722358e-02 -2.403563656189075526e-02
-2.892840693537383157e+00 -1.453522844341136877e-01 -1.350557471261600306e-01 2.490645146155845702e-01 -9.615358999899820125e-02 1.116360410123466984e-01 -6.381854679588067070e-02 -2.403563888696515216e-02
-2.892840693646625994e+00 -1.453522845812164344e-01 -1.350557473094371186e-01 2.490645130666410967e-01 -9.615358877161332696e-02 1.116360429730115233e-01 -6.381855056723911845e-02 -2.403563600665794067e-02
-3.238807672209627064e+00 -4.679325390975053178e-02 -9.380175584225101948e-02 -7.288079153773285856e-02 -1.556689188674084678e-01 5.122294110266265715e-02 -2.574535987527168043e-02 -5.461849206680834123e-02
-3.178032794289300966e+00 -1.722487913317585217e-01 -1.188791959620877497e-01 -3.593654224552379761e-02 -5.706736568361950313e-02 2.135350398661197413e-01 1.844062915151091150e-02 -2.140378153920980547e-02
-3.394439046123015391e+00 7.809893252023307753e-01 -3.879062019987881971e-02 -1.077790090564566955e-01 6.752598755391046870e-02 -1.204592833252195877e-01 2.614909213026713353e-03 -7.527040858563947834e-03
-3.572910414638106325e+00 2.209401533272295215e-01 -3.185708385198068177e-02 -3.895426370842081099e-01 2.274402794181235726e-02 1.951232763816918847e-01 -7.192127820650794090e-02 8.885336212988056634e-03
-3.485853092379015639e+00 2.043402398031180234e-01 -3.967311003411522902e-02 -3.060020399280815595e-01 4.159013919151935412e-02 2.254698088414018309e-01 -8.983153583362783745e-02 1.208413891441283486e-02
-3.671585521979849442e+00 3.353108016287291160e-01 -3.167601481208556780e-02 -4.585196523671538071e-01 -8.894360518215491118e-02 -6.093691475367060857e-03 -9.328129098629154431e-03 -5.508177971763233288e-02
-3.699500311621421567e+00 7.363227515741047613e-01 -1.542695935675797089e-02 -4.196163584476297337e-01 6.858946607839219722e-02 -8.155772173423171678e-02 2.022907176867273088e-02 1.946953523536996272e-02
-3.653987333831785644e+00 7.921299536997303825e-01 -1.599857236087823611e-02 -3.661010364779708204e-01 1.171275321976219669e-01 -6.595453948508427089e-02 1.393612684288866171e-02 3.683783311567759983e-02
-3.008461413067933243e+00 8.513406643056639633e-02 -3.101745653395738753e-02 1.290174462063445049e-01 -3.719828807027076439e-02 1.577905198496113437e-01 2.352276103868259638e-01 6.709793575717499202e-03
-3.040937552997963866e+00 7.712111363305106104e-02 -2.443386790957735935e-02 9.724602933771890612e-02 -4.635851265878728616e-02 1.551906509133978151e-01 2.264006600250129675e-01 1.035748331486518493e-02
-3.005331382071670276e+00 1.826667990931396812e-01 -4.182853232627160855e-02 1.576712543311140080e-01 -9.451710426436503443e-02 4.255103319617581370e-02 1.864874114714822895e-01 -4.990135026443485305e-02
-2.843307740483573376e+00 1.717448942811840296e-01 -6.977375006287440951e-02 3.219457779398483543e-01 -1.214353404487753391e-01 -1.374335256900581937e-03 1.720112699457760075e-01 -8.067940734730819075e-02
-3.215409160408543965e+00 2.498118706374748491e-02 -6.466311847009627300e-02 -4.979371161217285846e-02 -9.827349563673443145e-02 1.239084911075585133e-01 -3.449352379912996869e-02 -3.418390623605849221e-02
-2.977556313876212890e+00 -7.297424313969720355e-01 1.461639334707222515e+00 2.724979458124326959e-02 2.420438691766206574e-01 -9.527190885089459674e-03 7.918350540156118833e-03 -2.957850749751896394e-02
-3.069932377999858630e+00 -4.518326959509771368e-01 1.211482168640395596e+00 -3.010586628854768597e-03 -1.916770559851980749e-01 -2.583093252458883993e-01 -7.490597256907366441e-02 -3.926615481732533691e-02
-2.977556313875889593e+00 -7.297424313956543118e-01 1.461639334712769411e+00 2.724979457420325171e-02 2.420438690774988633e-01 -9.527190843728812128e-03 7.918350510279248758e-03 -2.957850740929525435e-02
-2.987706214684097361e+00 -7.340367465371916422e-01 1.467099277338421492e+00 1.602475011924968731e-02 2.509316679229041114e-01 -3.067717067960487685e-03 1.028509702695135260e-02 -2.702297574555487247e-02
-3.003691423128168836e+00 -7.365421805120750953e-01 1.449957927187956130e+00 1.234569068603447606e-03 2.302189535547750077e-01 -7.998711369467514237e-03 1.289846900613380275e-02 -2.598430839463729269e-02
-2.994804678096669281e+00 -7.328958821806305091e-01 1.444115150965215033e+00 1.113247339578042963e-02 2.215066755612837279e-01 -1.381910438984703879e-02 1.097268580652420444e-02 -2.784435248270071897e-02
-2.984871468211718337e+00 -7.285981921470894296e-01 1.437922801675357576e+00 2.220769854727503920e-02 2.119454742589966800e-01 -2.034532115292004423e-02 8.704372019939763533e-03 -3.016973307348371630e-02
-2.821629774790738399e+00 -3.809524314072382234e-01 5.350081824322734381e-01 2.888075684898583351e-01 -3.553025077453115244e-01 -6.513853588192952682e-02 -1.097885247480156513e-02 1.947114850791361040e-01
-3.141910713532344523e+00 3.443206392778056513e-01 -4.195165318102527657e-02 5.802525363111227241e-02 -5.630808235995360400e-02 1.816843377233928400e-02 2.410631182873403111e-02 -4.990823683466159844e-02
-2.954285863010959190e+00 5.724790728851019556e-02 -1.402310748332584976e-02 1.814711308592854289e-01 5.604070289244354221e-03 2.426227060909721400e-01 1.477944697100502802e-01 5.251508850084988383e-02
-3.014054516488533952e+00 1.418953942528425605e-01 -3.403285676556847689e-02 1.472137753284344375e-01 7.929275447186902304e-02 3.057216519863969473e-01 -8.584894630401618265e-02 6.079297552101561863e-02
-2.972291327614842604e+00 2.828384822216140071e-01 -6.220180432772765694e-02 2.195319487715827744e-01 -4.024337418321129872e-02 6.926952814324327523e-02 -4.312785313704475820e-02 -5.213369876020547411e-02
-2.843790749087709457e+00 -3.025412044002614292e-02 -2.747545879222833276e-02 2.773249217089675533e-01 1.190176729260621416e-02 2.795495991506104505e-01 1.901322464655561817e-01 6.186132273765301837e-02
-2.895403145963021174e+00 1.868471734291985153e-01 -3.167966429950791474e-02 2.493422761215890460e-01 -1.491379373377699560e-02 1.392071038500543589e-01 2.646760400375394173e-01 -1.449554381054703536e-02
-3.204547589632067428e+00 2.153922782191547425e-01 -5.579505769834813139e-02 -2.424955769627056001e-02 5.208650906981265177e-02 2.321888800076437331e-01 -1.209946530337660947e-01 -1.441174624205001850e-03
-3.132139821909072808e+00 -2.001200793311221915e-01 -1.117528188490610197e-01 -1.957601960618577958e-03 1.550761783782090945e-02 3.278862108956975829e-01 4.165548102120445600e-02 9.712640242983358943e-03
-2.869741435163595256e+00 2.418458672828444345e-01 -7.435042923261965531e-02 3.067733627341007741e-01 1.496564749218950996e-01 3.345036141808453434e-01 -1.869672036717010544e-01 2.478258901996597055e-02
-3.199728973239016838e+00 8.482581314768181668e-01 -5.105159156034150963e-02 9.947761346049560638e-02 1.014927772311180754e-01 -1.325794210256334982e-01 -2.165473289856404207e-02 -6.491558824908170988e-03
-3.724823023366689245e+00 7.729642649990344783e-01 -8.112832423954956587e-03 -4.413971848622861294e-01 1.172638399699010014e-01 -4.853381557098927768e-02 1.885946589541607696e-02 4.431538866830286166e-02
-2.922892407023363059e+00 8.928588071933345471e-01 -7.284981936276745118e-02 3.794444034336486027e-01 8.831434384326598830e-02 -1.884325010531258116e-01 -1.968591337807471670e-02 -3.157263060454505721e-02
-2.440458670596571178e+00 1.022924058249177648e+00 -1.081303206396943689e-01 8.716316087972576510e-01 1.181483683823515013e-01 -2.706641213998875473e-01 -3.010286269326152911e-02 -3.782261439830156280e-02
-3.719883163739182486e+00 7.934375612096159491e-01 -7.118379861148400184e-03 -4.329161731428152748e-01 1.310296875559785190e-01 -4.728429109084322790e-02 2.017573565889129589e-02 5.119985278557431796e-02
-3.382175943061278556e+00 8.830710812775433016e-01 -3.228550338394323149e-02 -7.716014101686548277e-02 1.489918485165526996e-01 -1.003723827098024074e-01 -3.561469359782400319e-03 3.542396082829515208e-02
-3.538636361063011382e+00 8.515701112258694527e-01 -2.004488839478447623e-02 -2.403303191120504945e-01 1.491283211120389141e-01 -7.344263095976337474e-02 7.190277457299480528e-03 4.707411879219143558e-02
-3.489949196892434991e+00 8.582364061902960639e-01 -2.394521666073454527e-02 -1.903900802989768881e-01 1.480912960834155634e-01 -8.069516921547069399e-02 3.636640064957231012e-03 4.276316281395024788e-02
-3.528273354466418432e+00 8.425847201395808561e-01 -2.195943909371118538e-02 -2.314445726924224400e-01 1.407305884598117895e-01 -7.699744821410213491e-02 5.223980442651638897e-03 4.149096698937836808e-02
-3.275781173311909544e+00 8.930199316091498307e-01 -4.192841975305506425e-02 3.174413900370719882e-02 1.405199858947772107e-01 -1.199333320601138203e-01 -1.224357662106173063e-02 2.188376044441305707e-02
-3.038023885205622499e+00 9.273870733120497256e-01 -6.124719549299262322e-02 2.555785516519605838e-01 1.157016728302823483e-01 -1.875378748149358066e-01 2.867457099496760128e-02 9.176588937369577204e-04
-3.038023885205622499e+00 9.273870733120497256e-01 -6.124719549299268567e-02 2.555785516519602507e-01 1.157016728302822650e-01 -1.875378748149360564e-01 2.867457099496749026e-02 9.176588937371772713e-04
-3.092211373674747410e+00 9.118058994643321036e-01 -5.774859372097006921e-02 2.196049257266082244e-01 1.283099014687939243e-01 -1.518868824531066086e-01 -2.637530287582500604e-02 5.347471081936924168e-04
-3.168898939273274706e+00 3.139257800705428370e-01 -5.767889844955937512e-02 2.808185857938997124e-02 3.594261380065062045e-02 1.517163270409466747e-01 -1.184292457304796098e-01 -2.184652691037669917e-02
-3.031514297394292345e+00 2.216111554271588679e-01 -6.497725171607175720e-02 1.426190715754818150e-01 1.715739871484281975e-01 3.773098903903481238e-01 -2.033528298931500111e-01 4.638913523538017170e-02
-3.062977696717188891e+00 9.390041174033172400e-01 -5.606658568184129388e-02 2.519557373262711897e-01 1.595027906253461969e-01 -1.350229180973068488e-01 -2.801940515109340585e-02 1.390702220508428441e-02
