# (77, 8)
8.677600488276172586e-01 7.955157182718068931e-01 3.660371714795922493e-01 5.801377186561530452e-01 8.346285261281587431e-01 3.086447097394681149e-01 2.964220634190279924e-01 7.860058222665874395e-01
1.858982773884731987e-01 3.034222553984931015e-01 7.364659120716826601e-01 7.256872926684410086e-02 5.883976338303238407e-01 1.664710523973895739e-01 5.134482562321918131e-02 6.857718143582480774e-02
7.645842125641960640e-01 1.810695100692961690e-01 3.354060226554409496e-01 5.488299816045117963e-01 3.785091383750798233e-01 5.798085267158035183e-01 1.783177594197582483e-01 7.041716988409396638e-01
3.074269133044864599e-01 4.812439897416943557e-01 8.882467613756721558e-01 6.213772242551710567e-01 5.550516724883638453e-01 8.250088803897719369e-01 3.067588014091604531e-01 2.030914124218758943e-01
1.907942708990683078e-01 1.452972202717276451e-01 3.783048742376795559e-01 5.895941502387214150e-01 4.947622999347193185e-01 8.520771072602040253e-01 5.943906769194645667e-01 4.738151780255110967e-01
5.667152434537725547e-02 6.010302028487438664e-01 4.247802895329699790e-01 6.721269240384686317e-01 5.362160191205780357e-01 3.864162086372668892e-02 8.954817548356847068e-01 7.862420895873889481e-02
3.085587748912737016e-01 7.981785586524414722e-02 3.018893191252419728e-01 9.101071552019118771e-01 9.418158659747868366e-01 2.477130394092524890e-01 5.072852937726324285e-01 5.477795969594959624e-01
2.819791446213307795e-01 4.499039463044823828e-01 4.363562635013519264e-01 6.831669895214664834e-02 1.527960175362049755e-01 5.989061994673616773e-01 8.346336642802835160e-01 5.340375457750023980e-01
7.557985844501935446e-01 8.216443971930897927e-02 3.466062488859742441e-01 4.224018155814046604e-01 3.835915836948811108e-01 1.895517155176629220e-02 4.486849155970007441e-02 7.385872843279690514e-01
3.590344142701769048e-01 7.002645080990987925e-02 1.384225284386806365e-01 6.467966592934711878e-01 9.852004595393148989e-01 1.413784213933950706e-01 1.073456097091596284e-01 3.806174128545321000e-01
8.032997538502625323e-01 4.144431161001543851e-01 1.671874223911727908e-01 2.944145968133056179e-01 7.725398808836890785e-01 7.454317251912067066e-01 5.450124680169154967e-01 6.492264032952160813e-01
9.313657533973167535e-01 1.864178777075085058e-01 6.974772279489401816e-01 8.985336013544705791e-01 5.847911494715997138e-01 1.159949367725158220e-01 9.437797905930773723e-01 8.819347061712985436e-01
2.162036992078630870e-01 1.079204465274173907e-01 6.295423856011642672e-01 3.617146653114783339e-01 5.385256329915151241e-01 6.372006677260592111e-01 1.437870745619873603e-01 9.535167453444296504e-01
7.106487637441450955e-01 1.717401989531841533e-01 1.436426356817259720e-01 4.638767340453594512e-01 7.986491380238536220e-01 7.596572677269047835e-01 8.562622035951178434e-01 2.030694622481254985e-01
2.499555418551745456e-01 4.080475036191035798e-01 5.390488618276073618e-01 3.322534725979271464e-01 8.303499233394766588e-01 8.753423427052925421e-01 1.686101261406133256e-01 1.778720582262275363e-01
2.587852400930116259e-01 4.802973090790401134e-01 9.385142649891655697e-01 6.920943763029590023e-01 7.961759012452555018e-01 8.556350016392832991e-01 6.153823453235996999e-01 4.693098298168580929e-01
1.947815155345368199e-01 6.008370633984332354e-01 1.398178820355207019e-01 3.150337130181012357e-01 6.474516192001011916e-02 4.191633412299062833e-01 4.956390743174902136e-01 2.159242306828703661e-01
3.753502630758848158e-01 8.827902208682993912e-01 6.276673084141464187e-01 8.599676580076488497e-01 3.485472272101941549e-02 3.746176164969193811e-01 2.231571703353819602e-01 5.299681405928986511e-01
5.912951355349846949e-01 2.750015250628279340e-01 3.965812455133229664e-01 2.105305088458642171e-02 1.955215407499123481e-01 5.603002978626743236e-01 8.378979466234671714e-01 3.421324100703529991e-01
1.640145940272322855e-01 4.612955200661446042e-01 4.467326663514906704e-01 2.462945687964446240e-02 2.381304545990815535e-01 8.443030300614706718e-01 1.618733274236945352e-01 1.973389476389966202e-01
8.021351088751805802e-01 5.150157456665063194e-01 9.013343251108785203e-01 6.465325393737398896e-01 4.778180020523212779e-01 7.382592974878767755e-01 4.330662876384501203e-01 2.894971248370719064e-01
7.594435817000977362e-02 9.838496194146617579e-02 3.004771204282385977e-01 7.779398276000163426e-01 2.526781659779565592e-01 6.515263852560740920e-01 1.577867444230445226e-01 7.429264219724270868e-01
2.068764793268418334e-02 9.292462068938263098e-01 6.048998969213553734e-01 1.443570619180870596e-01 7.465858270560892240e-01 3.666100867036460320e-01 2.255004205806866446e-01 8.022316486171940930e-01
2.518316334359732567e-01 1.684102821057906763e-01 7.431673064220345459e-02 7.118839313039720951e-01 1.718525686530247842e-02 8.674121352672428120e-01 5.543116286643090529e-02 1.481718086197459927e-01
6.538967888178641719e-01 6.684711898025136323e-01 1.348576578913667223e-01 5.099932573675136638e-01 3.780845866187072524e-01 3.722531544332685627e-01 5.340958658348832211e-01 2.152925474172678877e-01
9.523521234545184733e-01 3.945489588227761857e-01 4.588158424070195585e-01 6.642794635981242868e-01 5.398844347596717386e-01 2.005352817138726929e-01 1.484731215476050581e-01 4.483926719294621943e-01
4.348926076069545843e-01 7.119664036410727759e-01 5.336511941333176301e-01 8.721905568210925885e-01 7.688117164974948015e-01 2.700943558472770345e-01 4.829903836749904755e-01 7.152740489747428931e-01
3.650763899812288216e-01 9.965633145680373728e-01 9.009610448513085679e-01 8.549018352143118449e-01 6.569399517609999517e-01 3.494607474995298224e-01 1.499123527652690413e-02 5.143956744738640285e-01
4.730539626174893320e-01 4.926231962783514939e-01 1.751357314093190398e-01 3.220135653076930948e-01 9.521590857533781538e-01 7.727638129457989891e-01 5.767563521601668519e-01 2.689212407511887282e-01
6.372205761028015836e-02 9.201000221140129831e-01 1.236905372124676994e-01 7.322552183227579725e-01 6.653045540844507721e-01 6.403789200545493276e-01 5.758076023297085122e-01 4.233586305245418124e-02
4.169996045175483612e-02 7.132935963315135686e-01 6.148255613047535206e-01 5.917377938428247663e-01 7.096542434806643040e-01 3.937878527793002847e-01 6.412022092565745623e-01 9.619568704859774444e-01
9.313149123960710041e-01 8.093681233023370947e-01 4.144669665365161570e-01 1.101788463676794949e-01 8.702747315014611740e-01 9.435132557954861721e-01 6.678463806773342615e-01 7.257579375191849369e-01
2.844211448104240203e-01 1.258783010544216596e-01 4.683354411824047769e-02 3.688685151379034188e-02 8.412577808845435046e-01 6.060545367493800351e-01 8.936402096523445859e-01 8.015875172575717134e-01
2.157583404686458373e-01 7.866499935128984378e-01 1.632191516152829980e-01 8.249345845619826534e-02 2.973581693699214323e-01 3.269567151146096640e-01 6.806480070332154853e-02 9.666531310135244581e-01
9.208327257121690090e-01 5.633779667196603391e-02 7.680826906303996893e-01 6.539579663406489551e-01 8.957110525871768703e-01 9.063568145889946415e-01 8.382044282554562686e-01 3.003972051804604249e-01
9.482345483172316403e-02 7.919549886280508044e-01 2.862326826781190769e-01 8.162267090475865405e-01 1.196558539348665517e-01 7.637366936398862771e-01 5.457374202117557527e-01 5.997385816680141923e-01
5.954254136012392395e-01 3.390273166767133750e-01 7.135303277065417893e-01 3.483817431436826428e-01 6.365482005133503707e-01 6.793676510782891143e-01 2.511803630133673249e-01 7.877581818581186335e-01
8.486024544582740914e-01 7.740025650071782337e-01 1.861170622800273344e-01 2.350530846166946075e-01 9.841449750825774778e-01 1.867535024465216686e-02 4.961143231545267485e-01 7.104768128242716640e-01
4.338721572912643820e-01 3.635035608916870054e-03 8.174805418439164972e-01 5.445548432036739772e-01 1.239556924251038472e-01 6.148812412437481001e-01 2.862338796845428357e-01 3.235945151918396823e-01
3.637544216697397026e-01 7.757662322547231870e-01 1.192993343668283801e-01 3.856568830507756118e-02 1.641936172255907822e-01 3.180394264208574739e-02 7.642553676261182316e-01 4.672490693880276824e-01
3.176668869561857234e-01 2.950623737824212833e-01 8.079638023856400286e-01 6.129447652844329797e-01 6.692617300209452447e-01 8.928128170202370706e-01 8.427944095815235181e-01 2.469473010047933403e-01
9.969762139878730611e-01 2.022783359817660331e-01 4.344602547223699318e-01 5.412135950491800962e-01 1.867794534201238088e-01 8.776965581440815400e-01 7.789526010037108872e-01 9.054329403057056469e-01
6.624060107325115965e-01 6.701878738063589136e-01 1.404570359952833636e-01 3.483520747676631668e-01 5.954920874705025291e-01 7.801339402353744124e-01 2.372099350727743250e-01 8.042222881144370783e-01
4.215228301538606059e-01 7.502599965445523322e-01 7.508794215294680718e-01 8.349096208289046306e-01 5.256980431544966414e-01 6.660113868727652875e-01 7.905552336328248719e-01 3.570640838374443682e-01
3.567726228681641354e-01 1.803775261436102451e-02 1.679229203373641122e-01 8.504393939440435535e-02 3.779367174638678106e-01 8.889683471147068472e-01 9.123128192205557374e-01 2.259373165445714982e-01
4.326638429358286020e-01 4.185125399711175920e-01 2.257133648930926828e-01 4.075898601571670277e-02 9.747620786139039595e-01 5.555358115123176788e-02 6.940445740543497166e-01 4.484749937054701707e-01
4.145776503129964263e-01 4.204897364469056820e-01 7.312709296199958464e-01 1.068984890090024509e-01 9.437241062128665092e-01 9.281340877273849266e-01 4.608231724344534763e-01 2.582281915794565341e-01
4.113966361075011013e-01 5.888271097731223591e-02 8.958028456618459812e-01 8.119944489472101790e-01 7.699165459762843389e-01 5.587298258817459118e-01 7.238574651987353947e-01 2.998660580195946501e-01
7.706066717706808733e-01 3.835127695418478755e-01 3.775154932700481858e-01 7.986531961893786891e-01 8.593850507734154265e-01 8.963216026752678367e-01 4.605451552157703299e-01 4.885312597126799661e-01
5.291881600134028529e-01 1.105925406921659526e-01 7.007667507674889551e-01 2.302926105486602371e-02 6.971619987024691989e-01 3.428323915300575120e-01 7.659853168844588112e-01 1.416196583249978991e-01
5.416362112341901458e-01 1.870185096843172134e-01 7.747009190483132857e-01 8.449729598466582114e-01 8.228111353473673839e-01 2.085554690449310522e-01 2.013208062781433050e-01 2.595172206277611693e-01
8.467391004747673033e-01 8.821330487249853247e-01 4.440453592972566366e-01 9.797860343318347542e-01 9.053204197691611110e-01 9.899461310535664360e-01 2.222592059596995018e-02 2.372586517545705043e-01
7.435302489257467062e-02 9.168451049813427511e-01 9.022562285104115398e-01 1.829658084029861520e-02 7.287774031752288773e-01 1.507673805026664704e-01 6.661656562859936681e-01 4.642390218601364360e-01
7.347204360868730966e-02 9.432074676125510315e-01 1.950024231692103482e-01 5.088049990363389119e-01 5.231269384070054151e-01 8.147620226839487056e-01 1.323913815450646903e-01 3.586909009334953158e-01
2.347456957096125674e-01 3.395854810613202490e-01 2.246940549297965495e-01 6.124311112571090288e-02 3.615204103978032490e-01 8.971064119281121352e-01 4.030154596743096285e-01 4.415305380826461956e-01
5.181591761024385567e-01 7.910047646206186389e-02 2.600339096135828587e-01 3.566617693533230549e-01 9.248169225007131233e-01 6.064865720818449768e-01 6.936280080426711070e-01 4.378447823333084798e-01
7.257332986718884049e-01 9.599209850327716786e-02 1.690668232906721302e-01 2.279217084229234747e-01 1.475740731760590840e-01 1.321731964031291895e-02 3.249194057511668454e-01 7.580492800034338563e-01
8.118819067683070712e-01 2.848224117325409699e-01 1.153595131599738366e-01 7.559836797419240417e-01 7.428485772046885538e-01 9.699012401281850160e-01 4.894796288927626415e-01 4.389720624949899896e-01
3.381594765940659775e-01 4.172431927407938002e-02 9.285152958169607951e-01 9.369538891642646972e-01 5.299908765377551179e-01 9.730730787908185020e-01 9.245197363865027551e-01 8.754675050332488828e-01
5.722767297786702789e-01 3.281289015109847274e-01 5.282142510005463087e-01 9.155548909318206308e-01 2.953318403320394081e-01 7.159659329970665675e-01 8.854737215867219957e-01 7.245976434001520916e-01
7.328115656566853708e-01 7.283585988457048632e-01 3.619998327694828877e-01 5.342127577909330238e-01 3.102493966286965499e-01 9.721963961432662504e-01 5.537708080945555889e-01 2.609289698413823633e-01
1.919412200407020208e-01 6.942508339558103314e-01 5.910922337766882917e-01 9.422368522210361474e-01 4.878686854096438985e-01 5.238174376068849281e-01 5.293526560157513217e-02 8.982704131368481892e-01
7.615200995053221789e-01 9.211012475136849398e-01 3.029755648184782046e-01 8.822611802750746079e-01 2.075000389159803449e-01 1.222542894009394088e-01 3.399208133961849621e-01 1.145499993112469861e-01
6.950416217432980881e-01 5.962029730744859979e-01 2.342409807832601665e-01 4.679996985107266472e-01 5.081820755508527077e-01 2.960042789237886662e-01 3.552636061425706870e-02 6.209674050497141495e-01
3.788814184958178011e-01 9.579229270289629783e-01 3.296720093000578000e-01 7.834426979646090805e-01 8.364819908359258926e-01 7.723277466918846423e-01 6.872410509573418924e-01 1.859389260309320946e-01
4.997293526867568891e-01 5.639363998782247478e-01 1.642222020884375189e-01 2.903506420899518714e-01 9.367953630558053524e-01 4.873436006770519580e-01 2.288858423586638269e-01 9.569126892584570721e-01
6.526553715042777704e-01 8.025199178348962903e-02 9.110030591655389198e-01 1.963809421646680597e-01 9.311646247841680601e-01 6.170661761817365365e-01 5.282563920900044119e-01 4.970887654194577898e-01
3.008346875052508862e-01 7.522408870180363749e-01 5.960465901354434770e-01 5.901579124228000239e-01 5.420385910068522550e-01 2.899965490952205460e-02 6.813982161870890675e-02 2.852666235833956065e-01
3.945485583518643091e-01 7.170685109193961626e-01 7.818261249944781222e-01 7.807444781744677931e-01 1.156634529285136548e-01 1.157262153482632172e-01 9.717304285868362257e-01 1.482278313481864007e-01
6.903321024906633463e-01 2.858065136977423482e-01 2.814815839406773490e-01 4.942674744683023258e-01 1.705562120802605053e-01 1.034358646375166391e-01 7.862561017654605688e-01 8.620182440972824489e-01
5.028841675664392774e-01 6.451569620533731397e-01 8.333724770849135766e-01 4.534136425401558146e-02 7.617711315884514445e-01 8.180418236095665652e-02 4.894762275272196428e-01 1.696038388620403348e-01
7.503191863796936367e-01 5.848557864691034114e-01 2.908002074598655673e-01 5.890409803699415692e-01 6.255542877055939588e-01 8.887866946055358319e-01 9.490387238342445908e-01 3.896178245662393902e-01
1.295848805197366005e-01 5.751122287731692539e-01 6.693013818595408004e-01 6.835998046239591952e-01 6.371242769791832794e-01 1.169615361725714342e-01 7.854584207864656609e-01 7.476267568653143236e-01
1.354005488538645441e-02 8.457094935323321572e-01 4.701376095820331003e-01 5.600147960107375589e-01 7.656471313733429485e-01 9.763354468580240919e-01 8.138088179539875178e-01 2.910103062015647613e-01
2.293685591252536682e-03 8.204597391076207114e-02 5.445694738780367805e-01 7.172303054293577285e-01 8.657921213143615624e-02 8.979854234761660559e-01 4.318754681176654175e-01 8.247430014570367174e-01
1.029168984158866929e-01 4.498904088736240814e-01 4.640541089087126814e-01 4.572952349439451947e-01 2.507391734456949628e-01 8.801818119344423375e-01 8.794954491871775915e-01 2.740668501272774948e-01
8.296114709179319702e-01 6.096007900445958860e-01 1.576180903456307902e-01 7.561521718986689011e-01 9.235932140408376068e-02 6.560363488221058192e-01 5.204177741600783946e-01 6.790244370208403657e-01
