0 0
1 3
2 3
3 4
4 2
5 0
6 2
7 2
8 0
9 2
10 1
11 0
12 2
13 0
14 1
15 4
16 4
17 4
18 1
19 0
20 3
21 0
22 2
23 0
24 1
25 1
26 2
27 3
28 2
29 2
30 2
31 0
32 2
33 2
34 3
35 1
36 4
37 0
38 1
39 3
40 3
41 0
42 0
43 3
44 3
45 4
46 3
47 2
48 2
49 2
50 4
51 1
52 3
53 2
54 3
55 1
56 1
57 4
58 3
59 1
60 3
61 0
62 1
63 2
64 3
65 1
66 0
67 2
68 1
69 1
70 0
71 0
72 1
73 3
74 4
75 0
76 4
77 2
78 2
79 0
80 4
81 4
82 1
83 4
84 2
85 2
86 0
87 2
88 3
89 2
90 4
91 4
92 1
93 2
94 1
95 1
96 1
97 3
98 1
99 2
100 4
101 0
102 2
103 3
104 0
105 4
106 2
107 3
108 3
109 1
110 4
111 2
112 1
113 0
114 0
115 3
116 1
117 0
118 3
119 4
120 3
121 4
122 0
123 2
124 4
125 4
126 2
127 3
128 0
129 0
130 1
131 4
132 3
133 1
134 0
135 2
136 4
137 1
138 4
139 3
140 2
141 4
142 2
143 1
144 1
145 2
146 4
147 3
148 4
149 4
150 1
151 2
152 2
153 2
154 1
155 3
156 3
157 0
158 2
159 1
160 3
161 2
162 3
163 3
164 0
165 4
166 3
167 3
168 3
169 3
170 0
171 3
172 2
173 4
174 2
175 4
176 2
177 1
178 1
179 2
180 1
181 3
182 2
183 4
184 0
185 1
186 0
187 2
188 4
189 1
190 4
191 1
192 0
193 4
194 0
195 0
196 2
197 2
198 0
199 1
200 3
201 3
202 3
203 2
204 1
205 2
206 1
207 0
208 4
209 2
210 3
211 3
212 1
213 1
214 4
215 0
216 3
217 3
218 4
219 4
220 3
221 2
222 3
223 2
224 1
225 3
226 0
227 3
228 4
229 2
230 3
231 1
232 4
233 1
234 4
235 0
236 3
237 1
238 4
239 4
240 4
241 1
242 3
243 4
244 3
245 0
246 0
247 3
248 4
249 1
250 1
251 3
252 1
253 2
254 2
255 4
256 0
257 2
258 4
259 3
260 3
261 2
262 1
263 4
264 0
265 2
266 4
267 0
268 4
269 2
270 2
271 1
272 0
273 0
274 2
275 0
276 0
277 4
278 3
279 4
280 4
281 4
282 0
283 3
284 4
285 0
286 4
287 0
288 0
289 0
290 3
291 1
292 1
293 4
294 1
295 4
296 0
297 2
298 4
299 1
300 1
301 4
302 2
303 3
304 1
305 3
306 4
307 3
308 1
309 3
310 3
311 1
312 4
313 2
314 2
315 2
316 3
317 3
318 0
319 2
320 1
321 3
322 0
323 3
324 0
325 0
326 3
327 0
328 2
329 4
330 3
331 4
332 3
333 2
334 0
335 1
336 2
337 2
338 1
339 0
340 4
341 1
342 0
343 3
344 1
345 1
346 4
347 1
348 0
349 3
350 0
351 1
352 1
353 3
354 3
355 2
356 1
357 3
358 4
359 0
360 2
361 4
362 3
363 0
364 0
365 1
366 2
367 1
368 2
369 0
370 0
371 0
372 1
373 1
374 2
375 1
376 1
377 2
378 0
379 0
380 1
381 1
382 2
383 4
384 1
385 3
386 4
387 1
388 4
389 2
390 3
391 1
392 3
393 3
394 4
395 3
396 1
397 4
398 3
399 1
400 1
401 4
402 2
403 4
404 3
405 0
406 1
407 0
408 3
409 0
410 1
411 4
412 2
413 2
414 0
415 4
416 0
417 2
418 1
419 2
420 3
421 4
422 1
423 3
424 1
425 3
426 1
427 4
428 0
429 0
430 2
431 1
432 0
433 4
434 1
435 2
436 2
437 2
438 2
439 1
440 1
441 3
442 3
443 0
444 0
445 0
446 2
447 4
448 4
449 0
450 2
451 1
452 2
453 3
454 0
455 0
456 0
457 2
458 3
459 0
460 0
461 1
462 4
463 2
464 3
465 2
466 3
467 0
468 2
469 0
470 2
471 4
472 0
473 0
474 0
475 2
476 0
477 1
478 0
479 2
480 4
481 1
482 0
483 0
484 3
485 0
486 0
487 3
488 1
489 1
490 0
491 4
492 1
493 2
494 1
495 4
496 2
497 2
498 2
499 3
500 2
501 0
502 3
503 1
504 1
505 1
506 4
507 4
508 1
509 2
510 3
511 2
512 3
513 1
514 4
515 2
516 4
517 2
518 2
519 0
520 2
521 2
522 1
523 2
524 3
525 0
526 4
527 2
528 1
529 3
530 1
531 4
532 0
533 4
534 3
535 0
536 2
537 0
538 3
539 2
540 3
541 4
542 0
543 3
544 0
545 3
546 0
547 3
548 1
549 3
550 3
551 2
552 4
553 2
554 3
555 4
556 4
557 3
558 1
559 0
560 1
561 2
562 1
563 2
564 2
565 3
566 3
567 3
568 4
569 4
570 0
571 1
572 1
573 2
574 3
575 4
576 3
577 2
578 4
579 4
580 0
581 2
582 2
583 0
584 3
585 4
586 1
587 1
588 1
589 4
590 2
591 0
592 3
593 4
594 3
595 1
596 1
597 2
598 1
599 0
600 1
601 3
602 4
603 4
604 1
605 3
606 2
607 1
608 2
609 4
610 4
611 0
612 0
613 0
614 0
615 2
616 3
617 1
618 1
619 4
620 1
621 4
622 0
623 1
624 2
625 1
626 0
627 0
628 0
629 4
630 4
631 1
632 0
633 0
634 2
635 2
636 4
637 2
638 1
639 2
640 1
641 2
642 1
643 2
644 1
645 4
646 4
647 3
648 3
649 0
650 2
651 3
652 4
653 0
654 1
655 2
656 3
657 4
658 0
659 0
660 3
661 2
662 1
663 3
664 3
665 2
666 3
667 0
668 1
669 4
670 1
671 3
672 1
673 3
674 0
675 2
676 2
677 1
678 0
679 1
680 1
681 3
682 4
683 0
684 0
685 3
686 0
687 0
688 0
689 0
690 3
691 3
692 4
693 1
694 3
695 4
696 3
697 1
698 1
699 0
700 0
701 3
702 0
703 3
704 2
705 1
706 2
707 4
708 2
709 3
710 2
711 0
712 2
713 2
714 0
715 3
716 4
717 0
718 1
719 0
720 4
721 4
722 1
723 3
724 2
725 1
726 3
727 2
728 3
729 4
730 4
731 2
732 0
733 4
734 0
735 3
736 2
737 1
738 0
739 1
740 1
741 0
742 2
743 1
744 0
745 1
746 2
747 4
748 3
749 4
750 2
751 0
752 2
753 4
754 2
755 1
756 1
757 1
758 3
759 2
760 3
761 4
762 1
763 4
764 3
765 1
766 2
767 2
768 0
769 4
770 3
771 2
772 1
773 2
774 3
775 2
776 4
777 4
778 4
779 3
780 2
781 4
782 4
783 2
784 0
785 1
786 3
787 3
788 1
789 0
790 0
791 2
792 1
793 0
794 3
795 3
796 4
797 2
798 2
799 2
800 4
801 2
802 3
803 1
804 1
805 3
806 0
807 3
808 0
809 0
810 2
811 4
812 3
813 0
814 3
815 1
816 0
817 3
818 4
819 1
820 2
821 1
822 4
823 0
824 3
825 1
826 0
827 3
828 3
829 2
830 0
831 1
832 2
833 0
834 2
835 2
836 2
837 2
838 4
839 4
840 1
841 0
842 0
843 0
844 1
845 3
846 1
847 4
848 0
849 2
850 0
851 0
852 2
853 0
854 3
855 0
856 2
857 4
858 2
859 1
860 4
861 2
862 1
863 3
864 0
865 4
866 0
867 4
868 2
869 2
870 3
871 3
872 1
873 4
874 0
875 1
876 0
877 1
878 4
879 2
880 2
881 2
882 0
883 2
884 3
885 3
886 3
887 3
888 1
889 3
890 4
891 3
892 1
893 2
894 1
895 3
896 4
897 0
898 2
899 1
900 4
901 0
902 3
903 2
904 4
905 2
906 0
907 1
908 0
909 3
910 0
911 3
912 2
913 0
914 2
915 3
916 2
917 0
918 2
919 3
920 3
921 0
922 1
923 0
924 3
925 1
926 0
927 4
928 4
929 3
930 3
931 2
932 3
933 2
934 0
935 4
936 4
937 3
938 3
939 0
940 3
941 1
942 4
943 0
944 4
945 2
946 4
947 0
948 3
949 2
950 1
951 2
952 4
953 1
954 0
955 4
956 4
957 2
958 3
959 0
960 3
961 1
962 1
963 1
964 0
965 0
966 4
967 0
968 3
969 1
970 0
971 4
972 1
973 4
974 0
975 3
976 3
977 0
978 3
979 2
980 4
981 3
982 2
983 1
984 3
985 3
986 2
987 2
988 2
989 1
990 0
991 0
992 3
993 3
994 0
995 3
996 3
997 2
998 2
999 0
1000 4
1001 3
1002 3
1003 1
1004 2
1005 3
1006 2
1007 4
1008 0
1009 2
1010 3
1011 3
1012 0
1013 0
1014 1
1015 0
1016 3
1017 3
1018 3
1019 2
1020 2
1021 0
1022 3
1023 1
1024 4
1025 3
1026 0
1027 3
1028 2
1029 3
1030 2
1031 4
1032 0
1033 2
1034 3
1035 4
1036 0
1037 3
1038 4
1039 3
1040 3
1041 2
1042 2
1043 1
1044 0
1045 2
1046 4
1047 4
1048 3
1049 3
1050 0
1051 0
1052 2
1053 4
1054 1
1055 1
1056 3
1057 1
1058 1
1059 0
1060 2
1061 0
1062 0
1063 0
1064 4
1065 3
1066 2
1067 4
1068 1
1069 0
1070 2
1071 4
1072 1
1073 3
1074 1
1075 0
1076 3
1077 0
1078 4
1079 3
1080 3
1081 0
1082 3
1083 3
1084 4
1085 2
1086 4
1087 2
1088 0
1089 3
1090 2
1091 4
1092 4
1093 1
1094 3
1095 1
1096 0
1097 4
1098 1
1099 3
1100 2
1101 1
1102 2
1103 1
1104 1
1105 0
1106 3
1107 3
1108 1
1109 2
1110 0
1111 2
1112 1
1113 2
1114 4
1115 0
1116 4
1117 3
1118 3
1119 3
1120 3
1121 0
1122 3
1123 0
1124 3
1125 1
1126 4
1127 1
1128 1
1129 1
1130 0
1131 4
1132 0
1133 2
1134 3
1135 0
1136 0
1137 0
1138 2
1139 2
1140 4
1141 2
1142 0
1143 2
1144 2
1145 2
1146 3
1147 0
1148 3
1149 2
1150 3
1151 4
1152 3
1153 3
1154 0
1155 1
1156 2
1157 1
1158 4
1159 3
1160 4
1161 1
1162 3
1163 2
1164 4
1165 1
1166 1
1167 4
1168 3
1169 4
1170 1
1171 1
1172 2
1173 0
1174 3
1175 1
1176 1
1177 2
1178 3
1179 2
1180 4
1181 0
1182 3
1183 3
1184 3
1185 3
1186 0
1187 4
1188 4
1189 3
1190 1
1191 4
1192 4
1193 1
1194 4
1195 4
1196 2
1197 1
1198 1
1199 4
1200 1
1201 4
1202 0
1203 4
1204 2
1205 4
1206 4
1207 3
1208 2
1209 0
1210 2
1211 3
1212 2
1213 4
1214 3
1215 0
1216 4
1217 3
1218 0
1219 0
1220 3
1221 4
1222 2
1223 4
1224 0
1225 2
1226 0
1227 3
1228 3
1229 3
1230 3
1231 0
1232 1
1233 1
1234 0
1235 1
1236 1
1237 1
1238 2
1239 1
1240 1
1241 3
1242 3
1243 2
1244 4
1245 3
1246 1
1247 3
1248 0
1249 3
1250 3
1251 2
1252 0
1253 4
1254 1
1255 0
1256 4
1257 3
1258 1
1259 0
1260 2
1261 1
1262 2
1263 2
1264 3
1265 3
1266 0
1267 3
1268 0
1269 3
1270 0
1271 1
1272 4
1273 2
1274 0
1275 3
1276 3
1277 2
1278 4
1279 3
1280 3
1281 3
1282 3
1283 1
1284 2
1285 2
1286 0
1287 1
1288 4
1289 1
1290 3
1291 2
1292 1
1293 4
1294 3
1295 1
1296 3
1297 2
1298 4
1299 2
1300 2
1301 1
1302 0
1303 2
1304 2
1305 1
1306 2
1307 0
1308 4
1309 0
1310 0
1311 1
1312 0
1313 0
1314 1
1315 0
1316 1
1317 2
1318 1
1319 1
1320 0
1321 0
1322 4
1323 0
1324 1
1325 3
1326 2
1327 4
1328 1
1329 0
1330 2
1331 2
1332 4
1333 1
1334 4
1335 1
1336 3
1337 3
1338 4
1339 4
1340 3
1341 3
1342 0
1343 4
1344 2
1345 0
1346 0
1347 2
1348 3
1349 1
1350 4
1351 2
1352 0
1353 2
1354 4
1355 1
1356 2
1357 3
1358 1
1359 0
1360 3
1361 3
1362 3
1363 3
1364 1
1365 1
1366 1
1367 0
1368 3
1369 1
1370 1
1371 1
1372 2
1373 2
1374 4
1375 2
1376 3
1377 0
1378 3
1379 1
1380 4
1381 3
1382 3
1383 2
1384 2
1385 1
1386 1
1387 0
1388 4
1389 4
1390 1
1391 0
1392 3
1393 2
1394 1
1395 1
1396 0
1397 2
1398 0
1399 4
1400 0
1401 3
1402 0
1403 4
1404 0
1405 3
1406 0
1407 0
1408 0
1409 0
1410 3
1411 4
1412 2
1413 0
1414 3
1415 1
1416 4
1417 4
1418 0
1419 3
1420 0
1421 3
1422 1
1423 2
1424 1
1425 1
1426 2
1427 3
1428 1
1429 0
1430 2
1431 4
1432 2
1433 3
1434 3
1435 1
1436 3
1437 1
1438 3
1439 1
1440 3
1441 0
1442 0
1443 3
1444 1
1445 4
1446 1
1447 0
1448 3
1449 2
1450 1
1451 1
1452 1
1453 1
1454 2
1455 3
1456 1
1457 4
1458 0
1459 4
1460 4
1461 3
1462 1
1463 2
1464 4
1465 1
1466 2
1467 3
1468 1
1469 0
1470 3
1471 4
1472 0
1473 1
1474 2
1475 2
1476 3
1477 0
1478 1
1479 1
1480 2
1481 3
1482 1
1483 3
1484 2
1485 2
1486 4
1487 0
1488 0
1489 4
1490 0
1491 2
1492 2
1493 0
1494 1
1495 0
1496 2
1497 0
1498 4
1499 2
1500 0
1501 2
1502 1
1503 3
1504 3
1505 2
1506 0
1507 1
1508 0
1509 3
1510 4
1511 0
1512 2
1513 2
1514 4
1515 0
1516 3
1517 3
1518 0
1519 0
1520 2
1521 2
1522 3
1523 3
1524 1
1525 4
1526 4
1527 2
1528 3
1529 0
1530 1
1531 1
1532 3
1533 1
1534 2
1535 3
1536 3
1537 3
1538 2
1539 0
1540 3
1541 2
1542 4
1543 4
1544 2
1545 4
1546 2
1547 2
1548 2
1549 1
1550 0
1551 3
1552 1
1553 0
1554 1
1555 0
1556 2
1557 3
1558 1
1559 4
1560 1
1561 2
1562 0
1563 4
1564 0
1565 1
1566 2
1567 3
1568 0
1569 2
1570 0
1571 3
1572 0
1573 3
1574 2
1575 3
1576 4
1577 0
1578 0
1579 1
1580 1
1581 2
1582 3
1583 3
1584 0
1585 3
1586 1
1587 2
1588 3
1589 0
1590 3
1591 4
1592 0
1593 4
1594 0
1595 1
1596 2
1597 0
1598 4
1599 2
1600 0
1601 4
1602 1
1603 4
1604 3
1605 2
1606 0
1607 0
1608 4
1609 3
1610 2
1611 0
1612 1
1613 3
1614 4
1615 3
1616 0
1617 0
1618 2
1619 4
1620 0
1621 3
1622 1
1623 4
1624 4
1625 4
1626 3
1627 3
1628 2
1629 3
1630 1
1631 0
1632 3
1633 3
1634 3
1635 3
1636 3
1637 3
1638 1
1639 2
1640 4
1641 2
1642 3
1643 4
1644 3
1645 3
1646 1
1647 1
1648 3
1649 3
1650 2
1651 4
1652 1
1653 1
1654 1
1655 4
1656 4
1657 1
1658 1
1659 0
1660 0
1661 1
1662 2
1663 2
1664 1
1665 3
1666 3
1667 0
1668 1
1669 4
1670 4
1671 1
1672 4
1673 3
1674 0
1675 3
1676 2
1677 2
1678 0
1679 3
1680 1
1681 3
1682 3
1683 3
1684 0
1685 4
1686 0
1687 1
1688 0
1689 1
1690 2
1691 3
1692 4
1693 4
1694 4
1695 1
1696 0
1697 4
1698 1
1699 3
1700 0
1701 3
1702 2
1703 4
1704 3
1705 1
1706 2
1707 0
1708 4
1709 4
1710 2
1711 3
1712 3
1713 2
1714 4
1715 0
1716 3
1717 0
1718 1
1719 3
1720 4
1721 1
1722 3
1723 2
1724 3
1725 3
1726 1
1727 1
1728 3
1729 1
1730 1
1731 0
1732 1
1733 1
1734 1
1735 0
1736 1
1737 2
1738 0
1739 3
1740 4
1741 4
1742 4
1743 2
1744 3
1745 3
1746 3
1747 1
1748 3
1749 1
1750 3
1751 3
1752 3
1753 0
1754 2
1755 4
1756 1
1757 1
1758 0
1759 2
1760 0
1761 2
1762 1
1763 2
1764 4
1765 1
1766 2
1767 2
1768 3
1769 0
1770 1
1771 0
1772 1
1773 1
1774 2
1775 1
1776 0
1777 3
1778 2
1779 2
1780 2
1781 1
1782 1
1783 2
1784 3
1785 3
1786 0
1787 1
1788 1
1789 4
1790 4
1791 2
1792 3
1793 0
1794 0
1795 3
1796 4
1797 1
1798 1
1799 0
1800 1
1801 3
1802 1
1803 3
1804 2
1805 1
1806 1
1807 3
1808 1
1809 3
1810 0
1811 0
1812 3
1813 2
1814 4
1815 2
1816 1
1817 0
1818 3
1819 4
1820 4
1821 3
1822 1
1823 0
1824 4
1825 3
1826 0
1827 4
1828 4
1829 4
1830 1
1831 4
1832 0
1833 1
1834 2
1835 0
1836 0
1837 2
1838 0
1839 0
1840 0
1841 3
1842 2
1843 4
1844 0
1845 2
1846 4
1847 4
1848 3
1849 1
1850 0
1851 1
1852 3
1853 2
1854 4
1855 0
1856 2
1857 2
1858 3
1859 2
1860 2
1861 1
1862 2
1863 3
1864 2
1865 2
1866 3
1867 4
1868 4
1869 3
1870 3
1871 0
1872 0
1873 3
1874 0
1875 2
1876 3
1877 2
1878 0
1879 1
1880 3
1881 1
1882 4
1883 1
1884 0
1885 2
1886 0
1887 2
1888 1
1889 0
1890 1
1891 4
1892 2
1893 3
1894 2
1895 1
1896 3
1897 3
1898 1
1899 3
1900 3
1901 4
1902 2
1903 4
1904 0
1905 3
1906 1
1907 4
1908 1
1909 0
1910 3
1911 4
1912 4
1913 1
1914 0
1915 4
1916 2
1917 1
1918 2
1919 4
1920 3
1921 2
1922 1
1923 4
1924 2
1925 3
1926 2
1927 3
1928 1
1929 4
1930 3
1931 4
1932 3
1933 3
1934 2
1935 3
1936 2
1937 1
1938 2
1939 4
1940 4
1941 0
1942 0
1943 0
1944 4
1945 0
1946 0
1947 2
1948 4
1949 3
1950 1
1951 0
1952 1
1953 2
1954 0
1955 4
1956 1
1957 3
1958 4
1959 3
1960 0
1961 3
1962 3
1963 2
1964 4
1965 2
1966 0
1967 4
1968 2
1969 3
1970 2
1971 3
1972 0
1973 2
1974 3
1975 1
1976 4
1977 1
1978 0
1979 0
1980 3
1981 3
1982 2
1983 1
1984 2
1985 0
1986 1
1987 3
1988 2
1989 0
1990 2
1991 0
1992 1
1993 0
1994 3
1995 1
1996 1
1997 1
1998 3
1999 0
2000 2
2001 2
2002 1
2003 2
2004 2
2005 3
2006 4
2007 4
2008 0
2009 2
2010 3
2011 1
2012 3
2013 0
2014 2
2015 2
2016 4
2017 4
2018 4
2019 0
2020 3
2021 2
2022 0
2023 1
2024 1
2025 3
2026 4
2027 4
2028 0
2029 2
2030 4
2031 1
2032 2
2033 4
2034 4
2035 2
2036 1
2037 0
2038 4
2039 1
2040 3
2041 2
2042 3
2043 1
2044 0
2045 2
2046 2
2047 0
2048 4
2049 2
2050 3
2051 3
2052 0
2053 1
2054 1
2055 1
2056 3
2057 3
2058 4
2059 1
2060 1
2061 1
2062 1
2063 2
2064 3
2065 3
2066 0
2067 0
2068 3
2069 1
2070 2
2071 3
2072 3
2073 1
2074 1
2075 1
2076 3
2077 1
2078 2
2079 3
2080 0
2081 4
2082 3
2083 3
2084 1
2085 3
2086 3
2087 3
2088 1
2089 0
2090 3
2091 3
2092 2
2093 2
2094 0
2095 3
2096 0
2097 0
2098 4
2099 0
2100 2
2101 2
2102 1
2103 3
2104 1
2105 0
2106 4
2107 1
2108 0
2109 1
2110 3
2111 2
2112 4
2113 1
2114 1
2115 1
2116 4
2117 3
2118 3
2119 2
2120 0
2121 3
2122 2
2123 3
2124 3
2125 3
2126 1
2127 3
2128 0
2129 2
2130 0
2131 4
2132 2
2133 0
2134 3
2135 1
2136 3
2137 2
2138 2
2139 4
2140 4
2141 2
2142 0
2143 2
2144 3
2145 3
2146 1
2147 4
2148 1
2149 1
2150 3
2151 2
2152 4
2153 3
2154 0
2155 0
2156 1
2157 0
2158 4
2159 0
2160 3
2161 2
2162 1
2163 0
2164 2
2165 3
2166 1
2167 2
2168 3
2169 3
2170 3
2171 3
2172 3
2173 3
2174 4
2175 4
2176 3
2177 4
2178 2
2179 4
2180 4
2181 0
2182 1
2183 3
2184 0
2185 1
2186 4
2187 1
2188 3
2189 3
2190 0
2191 3
2192 4
2193 1
2194 4
2195 2
2196 1
2197 2
2198 4
2199 2
2200 2
2201 3
2202 1
2203 1
2204 2
2205 2
2206 0
2207 2
2208 4
2209 4
2210 0
2211 0
2212 1
2213 0
2214 4
2215 1
2216 4
2217 4
2218 1
2219 0
2220 2
2221 3
2222 3
2223 1
2224 3
2225 2
2226 3
2227 0
2228 2
2229 3
2230 4
2231 0
2232 0
2233 0
2234 2
2235 1
2236 1
2237 1
2238 3
2239 2
2240 3
2241 3
2242 2
2243 2
2244 3
2245 1
2246 4
2247 0
2248 0
2249 4
2250 0
2251 1
2252 0
2253 0
2254 3
2255 4
2256 1
2257 3
2258 0
2259 3
2260 1
2261 4
2262 2
2263 3
2264 3
2265 3
2266 1
2267 4
2268 2
2269 4
2270 1
2271 1
2272 4
2273 2
2274 0
2275 4
2276 
