# (77, 8)
5.972236394882202148e-03 6.426882930099964142e-03 5.750495940446853638e-03 6.310837343335151672e-03 5.020970106124877930e-01 4.995314776897430420e-01 4.979275763034820557e-01 5.002850294113159180e-01
6.083694752305746078e-03 6.577196530997753143e-03 5.870047491043806076e-03 6.394993979483842850e-03 5.020065307617187500e-01 4.991913139820098877e-01 4.983514845371246338e-01 5.002875924110412598e-01
6.246442440897226334e-03 6.820623762905597687e-03 6.056901533156633377e-03 6.480125710368156433e-03 5.017852187156677246e-01 4.983548521995544434e-01 4.993721544742584229e-01 5.003171563148498535e-01
6.588150747120380402e-03 7.300905417650938034e-03 6.433709990233182907e-03 6.714524235576391220e-03 5.015058517456054688e-01 4.971106350421905518e-01 5.007948279380798340e-01 5.003940463066101074e-01
7.066426333039999008e-03 7.955271750688552856e-03 6.950551643967628479e-03 7.084463257342576981e-03 5.012534856796264648e-01 4.957605600357055664e-01 5.022357106208801270e-01 5.005137324333190918e-01
7.066426333039999008e-03 7.955271750688552856e-03 6.950551643967628479e-03 7.084463257342576981e-03 5.012534856796264648e-01 4.957605600357055664e-01 5.022357106208801270e-01 5.005137324333190918e-01
7.066426333039999008e-03 7.955271750688552856e-03 6.950551643967628479e-03 7.084463257342576981e-03 5.012534856796264648e-01 4.957605600357055664e-01 5.022357106208801270e-01 5.005137324333190918e-01
7.066426333039999008e-03 7.955271750688552856e-03 6.950551643967628479e-03 7.084463257342576981e-03 5.012534856796264648e-01 4.957605600357055664e-01 5.022357106208801270e-01 5.005137324333190918e-01
7.066426333039999008e-03 7.955271750688552856e-03 6.950551643967628479e-03 7.084463257342576981e-03 5.012534856796264648e-01 4.957605600357055664e-01 5.022357106208801270e-01 5.005137324333190918e-01
7.066426333039999008e-03 7.955271750688552856e-03 6.950551643967628479e-03 7.084463257342576981e-03 5.012534856796264648e-01 4.957605600357055664e-01 5.022357106208801270e-01 5.005137324333190918e-01
4.996092915534973145e-01 5.001809000968933105e-01 4.977353811264038086e-01 5.021081566810607910e-01 9.515155106782913208e-03 9.510974399745464325e-03 9.432167746126651764e-03 9.306886233389377594e-03
7.079108618199825287e-03 7.970433682203292847e-03 6.962494924664497375e-03 7.096813060343265533e-03 5.012538433074951172e-01 4.957549571990966797e-01 5.022406578063964844e-01 5.005132555961608887e-01
6.362715270370244980e-03 6.996888201683759689e-03 6.191201042383909225e-03 6.538325920701026917e-03 5.016367435455322266e-01 4.977385103702545166e-01 5.000928044319152832e-01 5.003533959388732910e-01
7.079108618199825287e-03 7.970433682203292847e-03 6.962494924664497375e-03 7.096813060343265533e-03 5.012538433074951172e-01 4.957549571990966797e-01 5.022406578063964844e-01 5.005132555961608887e-01
7.079108618199825287e-03 7.970433682203292847e-03 6.962494924664497375e-03 7.096813060343265533e-03 5.012538433074951172e-01 4.957549571990966797e-01 5.022406578063964844e-01 5.005132555961608887e-01
7.079108618199825287e-03 7.970433682203292847e-03 6.962494924664497375e-03 7.096813060343265533e-03 5.012538433074951172e-01 4.957549571990966797e-01 5.022406578063964844e-01 5.005132555961608887e-01
4.996607303619384766e-01 5.000140070915222168e-01 4.978953301906585693e-01 5.021023154258728027e-01 9.112259373068809509e-03 8.933405391871929169e-03 8.894628845155239105e-03 8.756442926824092865e-03
4.997058510780334473e-01 4.998697936534881592e-01 4.980387687683105469e-01 5.020909309387207031e-01 8.739987388253211975e-03 8.418648503720760345e-03 8.410640060901641846e-03 8.261962793767452240e-03
4.997272491455078125e-01 4.998093545436859131e-01 4.981107115745544434e-01 5.020751357078552246e-01 8.528330363333225250e-03 8.150799199938774109e-03 8.153732866048812866e-03 8.000417612493038177e-03
4.997297823429107666e-01 4.998050332069396973e-01 4.981201887130737305e-01 5.020698904991149902e-01 8.493388071656227112e-03 8.112766779959201813e-03 8.115821518003940582e-03 7.961671799421310425e-03
4.997021257877349854e-01 4.998859167098999023e-01 4.980306923389434814e-01 5.020855665206909180e-01 8.747548796236515045e-03 8.441799320280551910e-03 8.428990840911865234e-03 8.281000889837741852e-03
4.997649490833282471e-01 4.996803104877471924e-01 4.982311129570007324e-01 5.020703673362731934e-01 8.232298307120800018e-03 7.734809536486864090e-03 7.763689383864402771e-03 7.603405974805355072e-03
6.384207867085933685e-03 6.988833658397197723e-03 6.196142639964818954e-03 6.615057587623596191e-03 5.017601847648620605e-01 4.982151091098785400e-01 4.995302557945251465e-01 5.003160238265991211e-01
4.997635185718536377e-01 4.996839761734008789e-01 4.982342422008514404e-01 5.020660161972045898e-01 8.216852322220802307e-03 7.720130030065774918e-03 7.747570518404245377e-03 7.588102947920560837e-03
7.079108618199825287e-03 7.970433682203292847e-03 6.962494924664497375e-03 7.096813060343265533e-03 5.012538433074951172e-01 4.957549571990966797e-01 5.022406578063964844e-01 5.005132555961608887e-01
7.075669709593057632e-03 7.965303957462310791e-03 6.958901882171630859e-03 7.092854473739862442e-03 5.012545585632324219e-01 4.957555830478668213e-01 5.022392272949218750e-01 5.005135536193847656e-01
6.341059226542711258e-03 6.928346119821071625e-03 6.148852873593568802e-03 6.585015449672937393e-03 5.017972588539123535e-01 4.983679354190826416e-01 4.993496835231781006e-01 5.003093481063842773e-01
6.516787223517894745e-03 7.173503283411264420e-03 6.341662723571062088e-03 6.708018016070127487e-03 5.016528367996215820e-01 4.977509379386901855e-01 5.000681877136230469e-01 5.003410577774047852e-01
6.694774609059095383e-03 7.423916365951299667e-03 6.537911947816610336e-03 6.830455735325813293e-03 5.015143156051635742e-01 4.971112906932830811e-01 5.007879734039306641e-01 5.003857016563415527e-01
6.875048857182264328e-03 7.679659407585859299e-03 6.737639661878347397e-03 6.952334195375442505e-03 5.013819932937622070e-01 4.964482188224792480e-01 5.015091896057128906e-01 5.004436373710632324e-01
7.057640235871076584e-03 7.940798066556453705e-03 6.940888706594705582e-03 7.073651533573865891e-03 5.012562274932861328e-01 4.957611262798309326e-01 5.022317767143249512e-01 5.005150437355041504e-01
7.074700202792882919e-03 7.963796146214008331e-03 6.957879755645990372e-03 7.091720122843980789e-03 5.012547373771667480e-01 4.957557320594787598e-01 5.022388100624084473e-01 5.005137324333190918e-01
5.872494075447320938e-03 6.309540942311286926e-03 5.665876436978578568e-03 6.216004490852355957e-03 5.020808577537536621e-01 4.995333850383758545e-01 4.979384839534759521e-01 5.002933144569396973e-01
5.730062723159790039e-03 6.146492902189493179e-03 5.529801361262798309e-03 6.058642640709877014e-03 5.020551085472106934e-01 4.995019435882568359e-01 4.979939758777618408e-01 5.003024339675903320e-01
5.741026252508163452e-03 6.160225719213485718e-03 5.539649166166782379e-03 6.069464143365621567e-03 5.020570158958435059e-01 4.995020031929016113e-01 4.979912340641021729e-01 5.003027915954589844e-01
5.944637581706047058e-03 6.423429120332002640e-03 5.753221921622753143e-03 6.241451017558574677e-03 5.019396543502807617e-01 4.990395605564117432e-01 4.985625445842742920e-01 5.003026723861694336e-01
5.832041613757610321e-03 6.285501644015312195e-03 5.639449227601289749e-03 6.133055780082941055e-03 5.019659399986267090e-01 4.991704821586608887e-01 4.984080791473388672e-01 5.003053545951843262e-01
5.877726711332798004e-03 6.335136946290731430e-03 5.686183460056781769e-03 6.188326515257358551e-03 5.019736289978027344e-01 4.991884827613830566e-01 4.983842670917510986e-01 5.003010630607604980e-01
6.073725875467061996e-03 6.605863105505704880e-03 5.900485441088676453e-03 6.326833274215459824e-03 5.017978549003601074e-01 4.985023140907287598e-01 4.992187917232513428e-01 5.003195405006408691e-01
5.857452750205993652e-03 6.315332837402820587e-03 5.663902033120393753e-03 6.160837132483720779e-03 5.019701123237609863e-01 4.991742372512817383e-01 4.983995258808135986e-01 5.003045797348022461e-01
5.974862724542617798e-03 6.472006905823945999e-03 5.789776798337697983e-03 6.252619437873363495e-03 5.018845200538635254e-01 4.988392889499664307e-01 4.988094866275787354e-01 5.003101229667663574e-01
6.094099022448062897e-03 6.631785072386264801e-03 5.917878821492195129e-03 6.345116067677736282e-03 5.018004179000854492e-01 4.984955489635467529e-01 4.992215633392333984e-01 5.003198385238647461e-01
6.254604551941156387e-03 6.851252168416976929e-03 6.092521362006664276e-03 6.463822443038225174e-03 5.016797780990600586e-01 4.979819953441619873e-01 4.998234808444976807e-01 5.003427267074584961e-01
5.871284753084182739e-03 6.308180280029773712e-03 5.664701573550701141e-03 6.214646622538566589e-03 5.020805597305297852e-01 4.995330870151519775e-01 4.979390799999237061e-01 5.002933740615844727e-01
5.707730539143085480e-03 6.122566293925046921e-03 5.507966503500938416e-03 6.032662466168403625e-03 5.020508170127868652e-01 4.994941949844360352e-01 4.980042576789855957e-01 5.003053545951843262e-01
5.980585236102342606e-03 6.483182311058044434e-03 5.798574071377515793e-03 6.251120474189519882e-03 5.018628835678100586e-01 4.987621605396270752e-01 4.989050030708312988e-01 5.003131628036499023e-01
6.044511683285236359e-03 6.570928730070590973e-03 5.868663545697927475e-03 6.297174841165542603e-03 5.018082857131958008e-01 4.985432326793670654e-01 4.991681873798370361e-01 5.003203153610229492e-01
6.349023897200822830e-03 6.963146850466728210e-03 6.168628111481666565e-03 6.553050596266984940e-03 5.017045736312866211e-01 4.980060458183288574e-01 4.997787475585937500e-01 5.003337264060974121e-01
6.365847308188676834e-03 7.011016830801963806e-03 6.217818241566419601e-03 6.533789914101362228e-03 5.015743374824523926e-01 4.975155293941497803e-01 5.003570914268493652e-01 5.003731250762939453e-01
6.546576973050832748e-03 7.257255259901285172e-03 6.413683760911226273e-03 6.670612376183271408e-03 5.014640688896179199e-01 4.969753026962280273e-01 5.009552240371704102e-01 5.004119873046875000e-01
6.731659639626741409e-03 7.510962430387735367e-03 6.614887155592441559e-03 6.809436716139316559e-03 5.013571381568908691e-01 4.964144825935363770e-01 5.015589594841003418e-01 5.004603266716003418e-01
5.878040567040443420e-03 6.315764971077442169e-03 5.671232473105192184e-03 6.222255527973175049e-03 5.020821094512939453e-01 4.995348155498504639e-01 4.979358315467834473e-01 5.002930164337158203e-01
6.257088854908943176e-03 6.867391988635063171e-03 6.102273240685462952e-03 6.444175727665424347e-03 5.016286373138427734e-01 4.977773725986480713e-01 5.000625848770141602e-01 5.003585219383239746e-01
6.196846254169940948e-03 6.756503600627183914e-03 6.021479610353708267e-03 6.444640457630157471e-03 5.017812848091125488e-01 4.983859062194824219e-01 4.993452131748199463e-01 5.003194212913513184e-01
6.367520429193973541e-03 6.996170151978731155e-03 6.209849845618009567e-03 6.564891431480646133e-03 5.016386508941650391e-01 4.977820217609405518e-01 5.000503659248352051e-01 5.003499984741210938e-01
6.356202997267246246e-03 6.947170477360486984e-03 6.163020152598619461e-03 6.600756198167800903e-03 5.017995834350585938e-01 4.983668625354766846e-01 4.993486404418945312e-01 5.003082752227783203e-01
5.881427787244319916e-03 6.319562904536724091e-03 5.674496293067932129e-03 6.226065102964639664e-03 5.020828247070312500e-01 4.995356202125549316e-01 4.979342520236968994e-01 5.002928376197814941e-01
6.738276686519384384e-03 7.519764825701713562e-03 6.621518172323703766e-03 6.816686131060123444e-03 5.013567805290222168e-01 4.964134097099304199e-01 5.015604496002197266e-01 5.004597306251525879e-01
6.628368981182575226e-03 7.363767828792333603e-03 6.498903967440128326e-03 6.744255311787128448e-03 5.014379024505615234e-01 4.968348741531372070e-01 5.011076331138610840e-01 5.004202723503112793e-01
5.889251362532377243e-03 6.328349933028221130e-03 5.682059098035097122e-03 6.234873086214065552e-03 5.020846724510192871e-01 4.995375871658325195e-01 4.979305863380432129e-01 5.002923607826232910e-01
7.060985080897808075e-03 7.947618141770362854e-03 6.944717373698949814e-03 7.078158669173717499e-03 5.012546181678771973e-01 4.957593977451324463e-01 5.022357106208801270e-01 5.005141496658325195e-01
6.308416370302438736e-03 6.924698129296302795e-03 6.154030561447143555e-03 6.503362674266099930e-03 5.016340017318725586e-01 4.977873563766479492e-01 5.000499486923217773e-01 5.003530979156494141e-01
6.330547854304313660e-03 6.949296686798334122e-03 6.176048424094915390e-03 6.528342142701148987e-03 5.016366839408874512e-01 4.977905154228210449e-01 5.000448822975158691e-01 5.003511309623718262e-01
6.341351661831140518e-03 6.962985731661319733e-03 6.186845246702432632e-03 6.540572270750999451e-03 5.016371011734008789e-01 4.977909922599792480e-01 5.000444054603576660e-01 5.003501176834106445e-01
4.997846782207489014e-01 4.996799826622009277e-01 4.983042776584625244e-01 5.019999146461486816e-01 7.872449234127998352e-03 7.393334526568651199e-03 7.415941450744867325e-03 7.250172086060047150e-03
4.996753931045532227e-01 5.000007748603820801e-01 4.979482889175415039e-01 5.020648241043090820e-01 8.885945193469524384e-03 8.700726553797721863e-03 8.660297840833663940e-03 8.517473004758358002e-03
4.996753633022308350e-01 4.999948740005493164e-01 4.979494512081146240e-01 5.020690560340881348e-01 8.895521052181720734e-03 8.702265098690986633e-03 8.663568645715713501e-03 8.521148934960365295e-03
4.997171163558959961e-01 4.998679161071777344e-01 4.980823993682861328e-01 5.020520687103271484e-01 8.533801883459091187e-03 8.218321949243545532e-03 8.206321857869625092e-03 8.054229430854320526e-03
4.997208416461944580e-01 4.998527169227600098e-01 4.980954825878143311e-01 5.020529031753540039e-01 8.506245911121368408e-03 8.174960501492023468e-03 8.166015148162841797e-03 8.013304322957992554e-03
4.997387826442718506e-01 4.997948706150054932e-01 4.981544315814971924e-01 5.020465254783630371e-01 8.350687101483345032e-03 7.964677177369594574e-03 7.967295125126838684e-03 7.811069022864103317e-03
4.997504949569702148e-01 4.997508525848388672e-01 4.981944859027862549e-01 5.020466446876525879e-01 8.257973939180374146e-03 7.828790694475173950e-03 7.840432226657867432e-03 7.682465948164463043e-03
4.996639192104339600e-01 5.000347495079040527e-01 4.979106485843658447e-01 5.020707845687866211e-01 8.990090340375900269e-03 8.838973939418792725e-03 8.791553787887096405e-03 8.651921525597572327e-03
6.330087780952453613e-03 6.949370261281728745e-03 6.176350172609090805e-03 6.528442725539207458e-03 5.016345381736755371e-01 4.977914690971374512e-01 5.000456571578979492e-01 5.003514885902404785e-01
4.997750818729400635e-01 4.996826052665710449e-01 4.982739090919494629e-01 5.020282268524169922e-01 8.022069931030273438e-03 7.535504642874002457e-03 7.559342775493860245e-03 7.396445609629154205e-03
4.997830688953399658e-01 4.996785819530487061e-01 4.982935190200805664e-01 5.020104050636291504e-01 7.926090620458126068e-03 7.444773800671100616e-03 7.467426359653472900e-03 7.301419042050838470e-03
4.997827410697937012e-01 4.996784627437591553e-01 4.982926249504089355e-01 5.020115971565246582e-01 7.931649684906005859e-03 7.449936587363481522e-03 7.473036646842956543e-03 7.307293359190225601e-03
4.997842013835906982e-01 4.996795654296875000e-01 4.983008503913879395e-01 5.020031929016113281e-01 7.889468222856521606e-03 7.409688550978899002e-03 7.432219106703996658e-03 7.266303058713674545e-03
